Frequency_Hz,Y11_Real,Y11_Imag,Y12_Real,Y12_Imag,Y21_Real,Y21_Imag,Y22_Real,Y22_Imag
0.1,0.515154248678215,-0.00662925111710387,-1.31945987615215,0.000427896542520463,-0.0848493286165917,0.000427206899107935,-0.71761837301754,-2.21642757137902e-05
0.100693514841637,0.515153631285945,-0.00667525219634907,-1.31946052782875,0.000430880257365596,-0.084849386996555,0.000430176183781634,-0.717619855104809,-2.22436794270406e-05
0.10139183931163,0.515153005230481,-0.0067215728447967,-1.31946118855723,0.000433885002764471,-0.0848494461782346,0.000433166197322586,-0.717621357723289,-2.23220815653083e-05
0.102095006765465,0.515152370389293,-0.00676821528995365,-1.31946185846308,0.000436910931610458,-0.0848495061724867,0.000436177086325713,-0.717622881156033,-2.23994428213553e-05
0.102803050789954,0.515151726638092,-0.00681518177500467,-1.31946253767349,0.000439958198003521,-0.0848495669903103,0.000439208998461292,-0.717624425689952,-2.24757229429565e-05
0.103516005204838,0.515151073850805,-0.00686247455892563,-1.31946322631743,0.000443026957261509,-0.0848496286428486,0.000442262082483611,-0.717625991615876,-2.25508807124228e-05
0.104233904064403,0.515150411899545,-0.00691009591659779,-1.31946392452564,0.000446117365931725,-0.0848496911413912,0.000445336488239721,-0.717627579228602,-2.26248739257362e-05
0.104956781659108,0.515149740654587,-0.00695804813892293,-1.31946463243067,0.000449229581802615,-0.0848497544973757,0.000448432366678266,-0.71762918882695,-2.26976593712472e-05
0.105684672517218,0.51514905998434,-0.00700633353293923,-1.3194653501669,0.000452363763915529,-0.0848498187223893,0.0004515498698584,-0.717630820713811,-2.27691928078935e-05
0.106417611406461,0.515148369755321,-0.00705495442193832,-1.31946607787056,0.000455520072576741,-0.0848498838281711,0.000454689150958794,-0.717632475196207,-2.28394289430653e-05
0.10715563333568,0.515147669832123,-0.00710391314558283,-1.31946681567975,0.000458698669369491,-0.0848499498266135,0.000457850364286728,-0.717634152585345,-2.29083214098244e-05
0.107898773556513,0.51514696007739,-0.00715321206002537,-1.31946756373449,0.000461899717166283,-0.0848500167297643,0.000461033665287278,-0.717635853196671,-2.29758227438884e-05
0.108647067565072,0.515146240351786,-0.00720285353802796,-1.31946832217673,0.000465123380141302,-0.0848500845498285,0.00046423921055259,-0.717637577349926,-2.30418843599825e-05
0.109400551103639,0.515145510513968,-0.00725283996908266,-1.31946909115036,0.000468369823782996,-0.0848501532991701,0.000467467157831245,-0.717639325369206,-2.31064565276301e-05
0.110159260162376,0.515144770420554,-0.0073031737595331,-1.31946987080128,0.000471639214906755,-0.0848502229903144,0.000470717666037724,-0.717641097583019,-2.31694883467137e-05
0.11092323098104,0.515144019926093,-0.00735385733269687,-1.31947066127739,0.000474931721667859,-0.0848502936359493,0.000473990895261961,-0.71764289432434,-2.32309277222176e-05
0.111692500050717,0.515143258883035,-0.00740489312898894,-1.31947146272861,0.000478247513574507,-0.0848503652489279,0.000477287006778991,-0.717644715930678,-2.32907213386507e-05
0.112467104115564,0.515142487141699,-0.00745628360604604,-1.31947227530696,0.000481586761501052,-0.0848504378422702,0.000480606163058706,-0.717646562744126,-2.33488146338598e-05
0.113247080174565,0.515141704550241,-0.00750803123885205,-1.31947309916654,0.000484949637701407,-0.0848505114291647,0.000483948527775696,-0.717648435111433,-2.34051517723349e-05
0.114032465483296,0.515140910954623,-0.00756013851986417,-1.31947393446355,0.000488336315822548,-0.0848505860229714,0.000487314265819189,-0.717650333384056,-2.3459675617947e-05
0.114823297555707,0.51514010619858,-0.00761260795914045,-1.31947478135639,0.000491746970918364,-0.0848506616372226,0.000490703543303116,-0.717652257918228,-2.35123277060045e-05
0.115619614165913,0.515139290123583,-0.00766544208446786,-1.3194756400056,0.000495181779463481,-0.084850738285626,0.000494116527576237,-0.717654209075019,-2.35630482150612e-05
0.116421453349997,0.515138462568812,-0.00771864344149184,-1.31947651057396,0.000498640919367393,-0.0848508159820661,0.000497553387232411,-0.717656187220401,-2.36117759377166e-05
0.117228853407829,0.515137623371115,-0.00777221459384654,-1.31947739322646,0.000502124569988775,-0.0848508947406066,0.00050101429212095,-0.717658192725314,-2.36584482511473e-05
0.118041852904894,0.515136772364979,-0.00782615812328614,-1.3194782881304,0.000505632912149931,-0.0848509745754923,0.000504499413357074,-0.717660225965726,-2.37030010868458e-05
0.118860490674132,0.515135909382489,-0.0078804766298173,-1.31947919545536,0.000509166128151432,-0.0848510555011516,0.000508008923332492,-0.717662287322709,-2.37453688997982e-05
0.1196848058178,0.515135034253295,-0.00793517273183265,-1.31948011537325,0.000512724401787019,-0.0848511375321981,0.000511542995726078,-0.717664377182494,-2.37854846370511e-05
0.120514837709331,0.515134146804575,-0.00799024906624524,-1.31948104805836,0.000516307918358622,-0.084851220683433,0.000515101805514664,-0.717666495936552,-2.38232797055357e-05
0.12135062599522,0.515133246860998,-0.00804570828862407,-1.31948199368737,0.000519916864691612,-0.0848513049698476,0.000518685528983938,-0.717668643981652,-2.38586839393928e-05
0.122192210596917,0.515132334244686,-0.00810155307333087,-1.31948295243939,0.000523551429150251,-0.0848513904066251,0.000522294343739468,-0.717670821719938,-2.3891625566437e-05
0.123039631712731,0.515131408775175,-0.00815778611365766,-1.31948392449602,0.000527211801653382,-0.0848514770091426,0.000525928428717828,-0.717673029558996,-2.39220311740035e-05
0.123892929819754,0.515130470269378,-0.00821441012196571,-1.31948491004131,0.000530898173690262,-0.0848515647929741,0.000529587964197849,-0.717675267911926,-2.39498256741841e-05
0.124752145675793,0.515129518541542,-0.00827142782982533,-1.31948590926188,0.000534610738336643,-0.0848516537738919,0.000533273131811981,-0.717677537197416,-2.39749322682101e-05
0.125617320321316,0.515128553403211,-0.00832884198815701,-1.3194869223469,0.00053834969027107,-0.0848517439678696,0.000536984114557776,-0.717679837839814,-2.39972724101964e-05
0.126488495081411,0.515127574663183,-0.0083866553673736,-1.31948794948815,0.000542115225791468,-0.0848518353910838,0.000540721096809517,-0.717682170269199,-2.40167657700532e-05
0.127365711567764,0.515126582127469,-0.00844487075752342,-1.31948899088003,0.000545907542831715,-0.0848519280599168,0.000544484264329912,-0.717684534921464,-2.40333301957593e-05
0.128249011680643,0.515125575599253,-0.00850349096843495,-1.31949004671963,0.000549726840978794,-0.0848520219909586,0.000548273804281975,-0.717686932238385,-2.40468816747816e-05
0.129138437610901,0.515124554878845,-0.00856251882986223,-1.31949111720674,0.000553573321489892,-0.0848521172010096,0.000552089905241004,-0.717689362667699,-2.40573342945652e-05
0.130034031841991,0.515123519763642,-0.00862195719163171,-1.31949220254388,0.000557447187309826,-0.0848522137070827,0.000555932757206677,-0.717691826663184,-2.40646002026279e-05
0.130935837151994,0.515122470048077,-0.00868180892379018,-1.31949330293639,0.000561348643088769,-0.0848523115264056,0.000559802551615303,-0.717694324684736,-2.40685895653084e-05
0.131843896615665,0.515121405523582,-0.00874207691675379,-1.3194944185924,0.000565277895200104,-0.0848524106764235,0.000563699481352183,-0.717696857198452,-2.40692105260773e-05
0.132758253606487,0.515120325978537,-0.00880276408145855,-1.31949554972289,0.000569235151758617,-0.0848525111748012,0.000567623740764123,-0.717699424676704,-2.40663691628423e-05
0.133678951798747,0.515119231198225,-0.00886387334951166,-1.31949669654177,0.000573220622638912,-0.0848526130394258,0.000571575525672059,-0.717702027598226,-2.40599694443164e-05
0.134606035169616,0.515118120964786,-0.0089254076733444,-1.31949785926586,0.000577234519494037,-0.0848527162884088,0.000575555033383842,-0.717704666448197,-2.40499131856434e-05
0.135539548001256,0.515116995057165,-0.00898737002636609,-1.31949903811496,0.000581277055774473,-0.0848528209400889,0.000579562462707157,-0.71770734171832,-2.40361000028999e-05
0.136479534882933,0.515115853251069,-0.00904976340311912,-1.3195002333119,0.000585348446747236,-0.0848529270130342,0.000583598013962556,-0.717710053906912,-2.40184272670349e-05
0.137426040713143,0.515114695318912,-0.00911259081943573,-1.31950144508254,0.00058944890951541,-0.084853034526045,0.000587661888996681,-0.717712803518985,-2.39967900563867e-05
0.138379110701763,0.515113521029768,-0.00917585531259549,-1.31950267365587,0.000593578663037837,-0.0848531434981559,0.000591754291195588,-0.717715591066335,-2.39710811086521e-05
0.139338790372205,0.515112330149318,-0.00923955994148443,-1.319503919264,0.000597737928149118,-0.0848532539486387,0.00059587542549824,-0.717718417067631,-2.39411907716272e-05
0.140305125563594,0.5151111224398,-0.00930370778675529,-1.31950518214222,0.000601926927579891,-0.0848533658970046,0.000600025498410151,-0.717721282048498,-2.39070069530944e-05
0.141278162432955,0.515109897659954,-0.0093683019509892,-1.31950646252905,0.000606145885977426,-0.0848534793630069,0.000604204718017165,-0.717724186541615,-2.38684150695306e-05
0.14225794745742,0.515108655564968,-0.00943334555885843,-1.31950776066629,0.000610395029926478,-0.0848535943666438,0.000608413293999396,-0.717727131086799,-2.38252979939194e-05
0.143244527436446,0.515107395906424,-0.00949884175729079,-1.31950907679904,0.000614674587970425,-0.0848537109281605,0.000612651437645329,-0.717730116231099,-2.37775360024534e-05
0.14423794949405,0.515106118432245,-0.00956479371563509,-1.31951041117576,0.00061898479063276,-0.084853829068052,0.000616919361866075,-0.717733142528889,-2.37250067200642e-05
0.145238261081064,0.515104822886634,-0.00963120462582809,-1.31951176404832,0.000623325870438802,-0.084853948807066,0.000621217281209764,-0.717736210541964,-2.36675850651055e-05
0.146245509977397,0.51510350901002,-0.00969807770256279,-1.31951313567202,0.00062769806193784,-0.084854070166205,0.000625545411876144,-0.71773932083963,-2.36051431924122e-05
0.147259744294318,0.515102176538998,-0.00976541618345816,-1.31951452630568,0.000632101601725471,-0.0848541931667293,0.000629903971731303,-0.717742473998807,-2.35375504359023e-05
0.148281012476756,0.515100825206268,-0.00983322332922986,-1.31951593621165,0.000636536728466284,-0.0848543178301594,0.00063429318032256,-0.717745670604118,-2.34646732494015e-05
0.149309363305612,0.515099454740579,-0.00990150242386314,-1.31951736565586,0.000641003682916984,-0.0848544441782788,0.000638713258893562,-0.717748911247996,-2.33863751465668e-05
0.150344845900091,0.515098064866666,-0.0099702567747862,-1.3195188149079,0.000645502707949705,-0.0848545722331366,0.000643164430399505,-0.717752196530777,-2.3302516639484e-05
0.151387509720044,0.515096655305184,-0.0100394897130459,-1.31952028424102,0.000650034048575727,-0.0848547020170502,0.000647646919522555,-0.717755527060804,-2.32129551761967e-05
0.152437404568337,0.515095225772649,-0.010109204593484,-1.31952177393225,0.000654597951969513,-0.0848548335526079,0.000652160952687437,-0.717758903454527,-2.31175450767368e-05
0.153494580593225,0.515093775981373,-0.0101794047949159,-1.31952328426235,0.000659194667493122,-0.0848549668626716,0.000656706758077205,-0.717762326336609,-2.30161374680099e-05
0.154559088290748,0.515092305639395,-0.0102500937203095,-1.31952481551597,0.000663824446721008,-0.0848551019703798,0.000661284565649178,-0.717765796340024,-2.29085802173484e-05
0.155630978507143,0.51509081445042,-0.0103212747969671,-1.31952636798162,0.000668487543465032,-0.0848552388991495,0.000665894607151088,-0.71776931410617,-2.27947178646978e-05
0.156710302441275,0.515089302113746,-0.0103929514767073,-1.31952794195174,0.00067318421380004,-0.0848553776726801,0.000670537116137387,-0.717772880284968,-2.26743915534358e-05
0.15779711164708,0.515087768324197,-0.0104651272360494,-1.31952953772281,0.000677914716089717,-0.084855518314955,0.000675212327985736,-0.717776495534978,-2.2547438959776e-05
0.158891458036027,0.515086212772054,-0.010537805576399,-1.31953115559532,0.000682679311012728,-0.0848556608502448,0.00067992047991374,-0.717780160523498,-2.24136942208811e-05
0.159993393879601,0.515084635142984,-0.0106109900242352,-1.31953279587386,0.000687478261589457,-0.0848558053031102,0.00068466181099579,-0.717783875926683,-2.22729878613381e-05
0.161102971811794,0.515083035117963,-0.010684684131299,-1.3195344588672,0.000692311833208951,-0.0848559516984043,0.000689436562180173,-0.717787642429651,-2.21251467182743e-05
0.162220244831628,0.515081412373208,-0.0107588914747836,-1.31953614488832,0.000697180293656379,-0.0848561000612757,0.000694244976306348,-0.717791460726594,-2.19699938649801e-05
0.163345266305675,0.515079766580101,-0.0108336156575265,-1.31953785425444,0.000702083913140805,-0.0848562504171711,0.000699087298122435,-0.717795331520901,-2.18073485329304e-05
0.164478089970617,0.51507809740511,-0.0109088603082025,-1.31953958728714,0.000707022964323466,-0.0848564027918378,0.000703963774302895,-0.71779925552526,-2.16370260322646e-05
0.165618769935804,0.515076404509712,-0.0109846290815189,-1.31954134431237,0.0007119977223464,-0.0848565572113269,0.000708874653466433,-0.717803233461784,-2.14588376707125e-05
0.166767360685846,0.515074687550318,-0.0110609256584121,-1.31954312566052,0.000717008464861519,-0.0848567137019957,0.000713820186194105,-0.717807266062127,-2.12725906709038e-05
0.167923917083208,0.515072946178189,-0.0111377537462457,-1.31954493166649,0.000722055472060164,-0.0848568722905104,0.000718800625047629,-0.717811354067596,-2.10780880858658e-05
0.169088494370839,0.515071180039356,-0.0112151170790105,-1.31954676266972,0.000727139026703027,-0.084857033003849,0.000723816224587934,-0.717815498229279,-2.0875128713127e-05
0.170261148174801,0.515069388774535,-0.0112930194175259,-1.3195486190143,0.000732259414150567,-0.0848571958693041,0.000728867241393903,-0.717819699308164,-2.06635070068018e-05
0.171441934506935,0.515067572019046,-0.0113714645496434,-1.31955050104899,0.000737416922393846,-0.0848573609144851,0.000733953934081355,-0.717823958075257,-2.04430129881611e-05
0.172630909767531,0.515065729402727,-0.011450456290451,-1.3195524091273,0.000742611842085895,-0.0848575281673217,0.00073907656332225,-0.717828275311715,-2.02134321540953e-05
0.173828130748022,0.515063860549842,-0.0115299984824802,-1.31955434360755,0.000747844466573534,-0.084857697656066,0.000744235391864116,-0.71783265180896,-1.9974545384327e-05
0.1750336546337,0.515061965078999,-0.0116100949959142,-1.31955630485292,0.000753115091929546,-0.0848578694092952,0.000749430684549718,-0.717837088368814,-1.9726128846112e-05
0.176247539006444,0.515060042603055,-0.0116907497287978,-1.31955829323154,0.00075842401698557,-0.0848580434559148,0.000754662708336951,-0.717841585803624,-1.94679538975118e-05
0.177469841847474,0.515058092729025,-0.0117719666072494,-1.31956030911656,0.000763771543365259,-0.0848582198251606,0.000759931732318985,-0.717846144936391,-1.91997869885552e-05
0.178700621540116,0.515056115057989,-0.0118537495856743,-1.31956235288617,0.000769157975518124,-0.0848583985466019,0.000765238027744625,-0.717850766600899,-1.89213895604723e-05
0.179939936872594,0.515054109184999,-0.0119361026469804,-1.31956442492371,0.00077458362075377,-0.0848585796501438,0.000770581868038963,-0.717855451641849,-1.86325179428598e-05
0.181187847040838,0.515052074698979,-0.0120190298027949,-1.31956652561773,0.000780048789276733,-0.0848587631660301,0.000775963528824224,-0.717860200914991,-1.83329232490842e-05
0.182444411651309,0.515050011182627,-0.0121025350936834,-1.31956865536205,0.000785553794221766,-0.0848589491248455,0.000781383287940911,-0.717865015287258,-1.80223512691591e-05
0.183709690723849,0.515047918212318,-0.0121866225893708,-1.31957081455583,0.000791098951689793,-0.0848591375575186,0.000786841425469172,-0.717869895636904,-1.77005423609294e-05
0.184983744694544,0.515045795358,-0.0122712963889636,-1.31957300360366,0.000796684580784225,-0.0848593284953244,0.000792338223750441,-0.717874842853637,-1.73672313388551e-05
0.186266634418617,0.515043642183089,-0.0123565606211747,-1.3195752229156,0.000802311003648075,-0.0848595219698866,0.000797873967409352,-0.717879857838761,-1.70221473607818e-05
0.187558421173328,0.515041458244367,-0.0124424194445491,-1.31957747290728,0.000807978545501346,-0.0848597180131803,0.000803448943375897,-0.717884941505316,-1.66650138121865e-05
0.188859166660905,0.515039243091871,-0.012528877047693,-1.31957975399996,0.000813687534679308,-0.0848599166575346,0.000809063440907866,-0.717890094778215,-1.62955481885635e-05
0.190168933011491,0.515036996268788,-0.012615937649503,-1.3195820666206,0.00081943830267113,-0.0848601179356345,0.000814717751613567,-0.717895318594392,-1.59134619750756e-05
0.191487782786108,0.515034717311341,-0.0127036054993987,-1.31958441120194,0.000825231184159197,-0.0848603218805243,0.000820412169474812,-0.717900613902943,-1.55184605241665e-05
0.192815778979652,0.515032405748676,-0.0127918848775563,-1.31958678818261,0.00083106651705904,-0.0848605285256091,0.00082614699087019,-0.717905981665269,-1.51102429305772e-05
0.194152985023894,0.515030061102749,-0.0128807800951449,-1.31958919800712,0.000836944642559893,-0.0848607379046576,0.000831922514598629,-0.717911422855229,-1.46885019039616e-05
0.195499464790516,0.515027682888208,-0.0129702954945639,-1.31959164112605,0.000842865905165788,-0.0848609500518043,0.000837739041903247,-0.717916938459281,-1.42529236390465e-05
0.196855282594159,0.515025270612273,-0.013060435449683,-1.31959411799604,0.000848830652737435,-0.0848611650015519,0.000843596876495489,-0.717922529476637,-1.38031876831951e-05
0.198220503195496,0.515022823774615,-0.0131512043660841,-1.31959662907991,0.00085483923653458,-0.0848613827887734,0.000849496324579565,-0.717928196919412,-1.33389668014738e-05
0.199595191804325,0.515020341867237,-0.0132426066813053,-1.31959917484673,0.000860892011259218,-0.0848616034487144,0.000855437694877198,-0.717933941812774,-1.28599268388874e-05
0.200979414082682,0.515017824374341,-0.0133346468650863,-1.31960175577191,0.00086698933509928,-0.0848618270169951,0.000861421298652669,-0.7179397651951,-1.23657265803379e-05
0.202373236147981,0.515015270772208,-0.0134273294196168,-1.31960437233729,0.000873131569773138,-0.0848620535296127,0.000867447449738183,-0.717945668118131,-1.1856017607087e-05
0.203776724576168,0.51501268052906,-0.0135206588797861,-1.31960702503118,0.000879319080574738,-0.0848622830229432,0.000873516464559526,-0.717951651647126,-1.1330444151525e-05
0.205189946404906,0.515010053104936,-0.0136146398134354,-1.31960971434852,0.000885552236419444,-0.0848625155337432,0.000879628662162071,-0.717957716861025,-1.07886429479981e-05
0.206612969136771,0.515007387951551,-0.0137092768216118,-1.31961244079089,0.000891831409890666,-0.0848627510991525,0.000885784364237086,-0.7179638648526,-1.02302430815548e-05
0.208045860742482,0.515004684512164,-0.0138045745388245,-1.31961520486665,0.000898156977287144,-0.0848629897566952,0.000891983895148382,-0.717970096728623,-9.65486583331954e-06
0.209488689664142,0.515001942221434,-0.0139005376333032,-1.31961800709101,0.000904529318670896,-0.0848632315442821,0.000898227581959274,-0.717976413610025,-9.06212452314592e-06
0.210941524818514,0.51499916050528,-0.0139971708072588,-1.3196208479861,0.00091094881791616,-0.0848634765002121,0.000904515754459921,-0.717982816632056,-8.45162434888469e-06
0.212404435600306,0.514996338780738,-0.0140944787971455,-1.3196237280811,0.000917415862758876,-0.0848637246631741,0.000910848745194939,-0.717989306944457,-7.82296222300027e-06
0.21387749188549,0.514993476455812,-0.0141924663739263,-1.3196266479123,0.000923930844847022,-0.0848639760722484,0.000917226889491441,-0.717995885711619,-7.17572660559329e-06
0.215360764034637,0.514990572929324,-0.0142911383433393,-1.31962960802322,0.000930494159791719,-0.0848642307669081,0.000923650525487347,-0.718002554112753,-6.50949733456418e-06
0.21685432289628,0.514987627590764,-0.0143904995461677,-1.31963260896466,0.00093710620721927,-0.0848644887870211,0.000930119994160128,-0.718009313342059,-5.82384545227965e-06
0.218358239810298,0.514984639820132,-0.0144905548585101,-1.31963565129484,0.000943767390823781,-0.0848647501728509,0.000936635639355827,-0.718016164608896,-5.11833302893616e-06
0.21987258661132,0.514981608987781,-0.0145913091920553,-1.31963873557948,0.000950478118420806,-0.084865014965058,0.00094319780781853,-0.718023109137954,-4.39251298274546e-06
0.22139743563216,0.514978534454259,-0.0146927674943571,-1.3196418623919,0.000957238802001791,-0.0848652832047011,0.000949806849220131,-0.718030148169424,-3.64592889633142e-06
0.222932859707273,0.51497541557014,-0.0147949347491132,-1.31964503231308,0.000964049857789272,-0.0848655549332383,0.000956463116190526,-0.718037282959175,-2.87811483000444e-06
0.224478932176229,0.514972251675863,-0.0148978159764453,-1.31964824593185,0.000970911706293195,-0.0848658301925281,0.000963166964348163,-0.718044514778926,-2.08859513098347e-06
0.22603572688722,0.514969042101558,-0.0150014162331817,-1.31965150384488,0.000977824772367748,-0.0848661090248298,0.000969918752330971,-0.718051844916428,-1.27688423964822e-06
0.227603318200585,0.514965786166876,-0.0151057406131423,-1.31965480665687,0.000984789485269491,-0.0848663914728049,0.000976718841827698,-0.718059274675636,-4.4248649135048e-07
0.229181780992365,0.514962483180811,-0.0152107942474258,-1.31965815498061,0.000991806278716048,-0.0848666775795172,0.000983567597609604,-0.718066805376892,4.15104084883211e-07
0.230771190657875,0.514959132441523,-0.0153165823046996,-1.31966154943709,0.000998875590946059,-0.0848669673884337,0.000990465387562642,-0.718074438357104,1.29640397204811e-06
0.23237162311531,0.514955733236155,-0.0154231099914914,-1.31966499065562,0.00100599786477983,-0.0848672609434248,0.000997412582719922,-0.718082174969928,2.20194037417465e-06
0.233983154809368,0.514952284840647,-0.0155303825524837,-1.31966847927392,0.00101317354768104,-0.0848675582887649,0.00100440955729469,-0.718090016585952,3.13225142976881e-06
0.235605862714901,0.514948786519547,-0.0156384052708103,-1.31967201593823,0.00102040309181933,-0.0848678594691318,0.00101145668871364,-0.718097964592877,4.08788642895785e-06
0.237239824340596,0.51494523752582,-0.0157471834683554,-1.31967560130343,0.00102768695413421,-0.0848681645296077,0.00101855435765074,-0.718106020395706,5.06940603516026e-06
0.238885117732672,0.514941637100651,-0.0158567225060551,-1.31967923603316,0.00103502559639952,-0.0848684735156782,0.00102570294806141,-0.71811418541693,6.07738251032219e-06
0.240541821478611,0.514937984473244,-0.0159670277842008,-1.31968292079988,0.00104241948528914,-0.0848687864732325,0.0010329028472171,-0.718122461096714,7.11239994490021e-06
0.242210014710909,0.514934278860622,-0.0160781047427463,-1.31968665628506,0.00104986909244391,-0.0848691034485628,0.00104015444574046,-0.718130848893085,8.17505449181299e-06
0.24388977711086,0.514930519467418,-0.0161899588616153,-1.31969044317924,0.00105737489453922,-0.0848694244883638,0.00104745813764078,-0.718139350282127,9.2659546051671e-06
0.24558118891236,0.514926705485666,-0.0163025956610135,-1.31969428218215,0.00106493737335404,-0.0848697496397315,0.00105481432034995,-0.718147966758167,1.03857212829933e-05
0.247284330905736,0.514922836094584,-0.0164160207017413,-1.31969817400286,0.0010725570158408,-0.0848700789501631,0.00106222339475891,-0.71815669983397,1.1534988314868e-05
0.24899928444161,0.514918910460358,-0.0165302395855104,-1.31970211935987,0.00108023431419661,-0.0848704124675548,0.00106968576525449,-0.71816555104093,1.2714402533906e-05
0.250726131434783,0.51491492773592,-0.0166452579552619,-1.31970611898124,0.00108796976593522,-0.0848707502402016,0.00107720183975678,-0.718174521929268,1.39246240735413e-05
0.252464954368146,0.514910887060717,-0.0167610814954872,-1.31971017360469,0.00109576387396067,-0.0848710923167948,0.0010847720297569,-0.718183614068223,1.51663266292762e-05
0.254215836296621,0.514906787560488,-0.0168777159325516,-1.31971428397778,0.00110361714664154,-0.0848714387464211,0.00109239675035531,-0.718192829046251,1.64401977247042e-05
0.25597886085113,0.514902628347021,-0.0169951670350196,-1.31971845085796,0.00111153009788694,-0.08487178957856,0.00110007642030055,-0.718202168471222,1.77469389832791e-05
0.257754112242586,0.514898408517919,-0.0171134406139841,-1.31972267501276,0.00111950324722313,-0.0848721448630823,0.00110781146202854,-0.718211633970617,1.90872664041219e-05
0.259541675265918,0.514894127156355,-0.0172325425233965,-1.31972695721989,0.00112753711987185,-0.0848725046502472,0.00111560230170229,-0.718221227191728,2.04619106439347e-05
0.261341635304121,0.514889783330825,-0.0173524786604007,-1.31973129826735,0.0011356322468296,-0.0848728689907003,0.00112344936925216,-0.718230949801857,2.18716173032291e-05
0.263154078332332,0.514885376094891,-0.0174732549656681,-1.31973569895359,0.00114378916494824,-0.0848732379354703,0.00113135309841658,-0.718240803488519,2.33171472182603e-05
0.26497909092194,0.51488090448693,-0.0175948774237368,-1.31974016008764,0.00115200841701704,-0.0848736115359661,0.00113931392678338,-0.718250789959639,2.47992767583027e-05
0.266816760244719,0.514876367529868,-0.0177173520633523,-1.31974468248923,0.00116029055184567,-0.0848739898439737,0.0011473322958315,-0.718260910943759,2.63187981280472e-05
0.268667174076992,0.514871764230912,-0.0178406849578105,-1.31974926698892,0.00116863612434887,-0.0848743729116525,0.00115540865097336,-0.718271168190237,2.78765196759373e-05
0.270530420803823,0.514867093581283,-0.0179648822253042,-1.31975391442825,0.00117704569563232,-0.084874760791531,0.00116354344159761,-0.718281563469454,2.94732662076413e-05
0.27240658942324,0.514862354555934,-0.0180899500292711,-1.31975862565989,0.00118551983307979,-0.0848751535365038,0.00117173712111258,-0.718292098573015,3.11098793056297e-05
0.274295769550488,0.514857546113271,-0.018215894578745,-1.31976340154775,0.00119405911044178,-0.0848755511998259,0.00117999014699011,-0.718302775313955,3.2787217654387e-05
0.276198051422303,0.514852667194865,-0.0183427221287095,-1.31976824296713,0.00120266410792552,-0.0848759538351091,0.00118830298081006,-0.718313595526945,3.45061573711336e-05
0.278113525901229,0.514847716725158,-0.0184704389804537,-1.31977315080487,0.00121133541228649,-0.0848763614963162,0.00119667608830529,-0.718324561068496,3.62675923433337e-05
0.280042284479955,0.514842693611171,-0.0185990514819308,-1.31977812595951,0.00122007361692113,-0.0848767742377561,0.0012051099394072,-0.718335673817166,3.80724345712402e-05
0.281984419285683,0.51483759674219,-0.0187285660281194,-1.31978316934138,0.00122887932196131,-0.0848771921140783,0.00121360500829192,-0.718346935673769,3.99216145175324e-05
0.283940023084533,0.514832424989467,-0.0188589890613868,-1.31978828187283,0.00123775313437022,-0.0848776151802663,0.00122216177342695,-0.718358348561573,4.18160814625312e-05
0.285909189285972,0.514827177205901,-0.0189903270718554,-1.3197934644883,0.00124669566803954,-0.0848780434916319,0.00123078071761842,-0.718369914426518,4.37568038658687e-05
0.287892011947275,0.514821852225716,-0.0191225865977708,-1.31979871813452,0.00125570754388856,-0.0848784771038083,0.001239462328059,-0.718381635237418,4.57447697350816e-05
0.289888585778017,0.514816448864138,-0.0192557742258735,-1.31980404377064,0.00126478938996445,-0.0848789160727428,0.0012482070963763,-0.718393512986164,4.77809870000206e-05
0.291899006144599,0.514810965917059,-0.0193898965917721,-1.31980944236839,0.0012739418415444,-0.0848793604546898,0.00125701551868193,-0.71840554968794,4.98664838944063e-05
0.293923369074803,0.5148054021607,-0.0195249603803193,-1.31981491491226,0.00128316554123925,-0.0848798103062027,0.0012658880956211,-0.718417747381423,5.2002309343796e-05
0.295961771262377,0.514799756351266,-0.0196609723259905,-1.31982046239959,0.00129246113909871,-0.0848802656841257,0.00127482533242288,-0.718430108128995,5.41895333606435e-05
0.298014310071653,0.514794027224594,-0.0197979392132647,-1.31982608584082,0.00130182929271837,-0.0848807266455854,0.00128382773895104,-0.718442634016945,5.64292474460326e-05
0.300081083542203,0.514788213495796,-0.0199358678770081,-1.31983178625958,0.00131127066734828,-0.0848811932479811,0.00129289582975553,-0.718455327155681,5.87225649986423e-05
0.302162190393513,0.514782313858892,-0.0200747652028596,-1.31983756469289,0.00132078593600325,-0.0848816655489763,0.00130203012412453,-0.718468189679935,6.1070621730705e-05
0.304257730029708,0.514776326986442,-0.020214638127619,-1.3198434221913,0.00133037577957498,-0.0848821436064877,0.00131123114613722,-0.718481223748965,6.34745760912242e-05
0.306367802544292,0.514770251529165,-0.0203554936396378,-1.31984935981908,0.00134004088694575,-0.0848826274786754,0.00132049942471705,-0.718494431546766,6.59356096966157e-05
0.308492508724934,0.514764086115554,-0.0204973387792121,-1.31985537865438,0.00134978195510411,-0.0848831172239318,0.0013298354936858,-0.718507815282272,6.84549277686214e-05
0.31063195005828,0.514757829351487,-0.0206401806389775,-1.31986147978938,0.00135959968926225,-0.0848836129008704,0.00133923989181815,-0.718521377189561,7.10337595799387e-05
0.312786228734801,0.514751479819822,-0.0207840263643073,-1.3198676643305,0.00136949480297527,-0.0848841145683134,0.001348713162897,-0.718535119528059,7.36733589074279e-05
0.314955447653674,0.514745036079993,-0.0209288831537117,-1.31987393339853,0.00137946801826221,-0.0848846222852797,0.00135825585576935,-0.718549044582742,7.6375004492979e-05
0.317139710427697,0.514738496667598,-0.0210747582592408,-1.31988028812885,0.00138952006572906,-0.0848851361109719,0.00136786852440294,-0.71856315466434,7.91400005123316e-05
0.319339121388238,0.51473186009397,-0.0212216589868877,-1.31988672967159,0.00139965168469373,-0.0848856561047627,0.0013775517279435,-0.718577452109532,8.19696770519157e-05
0.321553785590219,0.514725124845753,-0.0213695926969964,-1.31989325919178,0.00140986362331282,-0.0848861823261806,0.00138730603077261,-0.718591939281155,8.48653905936997e-05
0.323783808817133,0.514718289384462,-0.0215185668046696,-1.31989987786957,0.00142015663871051,-0.0848867148348955,0.0013971320025664,-0.718606618568392,8.78285245081017e-05
0.326029297586097,0.514711352146035,-0.0216685887801799,-1.3199065869004,0.00143053149710934,-0.0848872536907034,0.00140703021835473,-0.718621492386978,9.0860489555436e-05
0.328290359152942,0.514704311540382,-0.0218196661493826,-1.3199133874952,0.00144098897396305,-0.0848877989535104,0.0014170012585812,-0.71863656317939,9.39627243955327e-05
0.330567101517332,0.51469716595092,-0.0219718064941308,-1.31992028088053,0.0014515298540916,-0.0848883506833161,0.00142704570916381,-0.718651833415042,9.7136696106101e-05
0.332859633427924,0.514689913734102,-0.0221250174526922,-1.31992726829883,0.00146215493181797,-0.0848889089401968,0.00143716416155625,-0.71866730559048,0.000100383900709294
0.335168064387565,0.514682553218939,-0.0222793067201682,-1.31993435100857,0.00147286501110745,-0.084889473784287,0.00144735721280996,-0.718682982229568,0.000103705863707546
0.337492504658521,0.514675082706507,-0.0224346820489147,-1.31994153028445,0.00148366090570889,-0.0848900452757617,0.00145762546563692,-0.718698865883679,0.000107104140627617
0.339833065267741,0.514667500469455,-0.0225911512489648,-1.31994880741762,0.00149454343929801,-0.0848906234748163,0.00146796952847299,-0.718714959131884,0.00011058031757441
0.342189858012163,0.514659804751493,-0.0227487221884529,-1.31995618371583,0.00150551344562324,-0.0848912084416472,0.00147839001554212,-0.71873126458113,0.000114136011792831
0.344562995464054,0.51465199376688,-0.0229074027940419,-1.3199636605037,0.00151657176865341,-0.0848918002364311,0.00148888754692123,-0.718747784866427,0.000117772872239685
0.346952590976386,0.514644065699893,-0.0230672010513498,-1.31997123912282,0.00152771926272799,-0.084892398919303,0.00149946274860571,-0.718764522651023,0.000121492580164168
0.349358758688252,0.514636018704298,-0.0232281250053808,-1.31997892093207,0.00153895679270966,-0.0848930045503346,0.0015101162525758,-0.718781480626585,0.000125296849698336
0.351781613530314,0.5146278509028,-0.0233901827609548,-1.31998670730773,0.00155028523413892,-0.0848936171895108,0.00152084869686353,-0.718798661513371,0.000129187428456606
0.354221271230298,0.514619560386492,-0.0235533824831415,-1.31999459964373,0.00156170547339127,-0.084894236896706,0.00153166072562051,-0.718816068060397,0.000133166098144927
0.356677848318515,0.514611145214285,-0.0237177323976933,-1.32000259935187,0.00157321840783696,-0.0848948637316594,0.00154255298918637,-0.718833703045612,0.000137234675180037
0.359151462133436,0.514602603412338,-0.0238832407914812,-1.32001070786201,0.00158482494600264,-0.0848954977539492,0.00155352614415794,-0.718851569276056,0.000141395011317852
0.361642230827288,0.514593932973465,-0.0240499160129314,-1.32001892662228,0.00159652600773602,-0.0848961390229665,0.0015645808534592,-0.718869669588023,0.000145648994292286
0.364150273371703,0.514585131856548,-0.024217766472463,-1.32002725709931,0.00160832252437294,-0.0848967875978873,0.00157571778641191,-0.71888800684722,0.000149998548464036
0.366675709563398,0.51457619798592,-0.0243868006429274,-1.32003570077847,0.00162021543890642,-0.084897443537645,0.00158693761880701,-0.718906583948919,0.000154445635479422
0.369218660029898,0.514567129250752,-0.024557027060047,-1.32004425916403,0.00163220570615913,-0.0848981069009003,0.00159824103297672,-0.718925403818103,0.00015899225493915
0.371779246235299,0.514557923504425,-0.0247284543228576,-1.32005293377944,0.00164429429295775,-0.0848987777460114,0.00160962871786745,-0.718944469409619,0.000163640445077967
0.374357590486067,0.514548578563881,-0.024901091094149,-1.32006172616754,0.00165648217831034,-0.0848994561310026,0.00162110136911331,-0.718963783708312,0.000168392283454416
0.376953815936883,0.514539092208979,-0.0250749461009078,-1.32007063789076,0.00166877035358627,-0.0849001421135322,0.00163265968911049,-0.718983349729164,0.000173249887651106
0.379568046596523,0.514529462181827,-0.0252500281347601,-1.32007967053139,0.00168115982269879,-0.0849008357508586,0.00164430438709235,-0.719003170517426,0.000178215415985977
0.382200407333782,0.514519686186106,-0.0254263460524157,-1.3200888256918,0.00169365160229051,-0.0849015370998066,0.00165603617920513,-0.719023249148742,0.000183291068233477
0.384851023883439,0.514509761886381,-0.025603908776111,-1.32009810499464,0.00170624672192149,-0.0849022462167314,0.00166785578858457,-0.719043588729275,0.000188479086357746
0.387520022852263,0.514499686907401,-0.025782725294054,-1.32010751008313,0.00171894622426023,-0.0849029631574818,0.00167976394543313,-0.719064192395816,0.000193781755255806
0.390207531725059,0.514489458833386,-0.0259628046608679,-1.32011704262127,0.00173175116527743,-0.0849036879773628,0.00169176138709799,-0.719085063315902,0.000199201403512012
0.392913678870758,0.514479075207303,-0.0261441559980365,-1.32012670429408,0.00174466261444274,-0.0849044207310965,0.00170384885814978,-0.719106204687914,0.000204740404163711
0.395638593548549,0.514468533530123,-0.026326788494347,-1.32013649680785,0.0017576816549244,-0.0849051614727813,0.00171602711046205,-0.719127619741178,0.000210401175478298
0.398382405914052,0.514457831260072,-0.0265107114063351,-1.32014642189039,0.00177080938379183,-0.0849059102558514,0.00172829690329143,-0.719149311736059,0.000216186181741185
0.401145247025537,0.514446965811865,-0.0266959340587284,-1.32015648129128,0.00178404691222103,-0.0849066671330332,0.00174065900335851,-0.719171283964043,0.000222097934055143
0.403927248850181,0.514435934555927,-0.026882465844889,-1.3201666767821,0.00179739536570364,-0.0849074321563016,0.00175311418492949,-0.719193539747813,0.000228138991151594
0.406728544270374,0.514424734817604,-0.0270703162272562,-1.32017701015673,0.00181085588425813,-0.0849082053768348,0.00176566322989846,-0.71921608244133,0.000234311960212841
0.409549267090063,0.514413363876351,-0.027259494737788,-1.32018748323155,0.00182442962264505,-0.0849089868449672,0.00177830692787048,-0.719238915429888,0.000240619497706512
0.412389552041149,0.514401818964914,-0.0274500109784018,-1.32019809784573,0.00183811775058468,-0.0849097766101415,0.00179104607624527,-0.719262042130173,0.000247064310231082
0.415249534789915,0.514390097268499,-0.0276418746214133,-1.3202088558615,0.00185192145297849,-0.0849105747208593,0.00180388148030166,-0.719285465990313,0.000253649155373542
0.418129351943512,0.514378195923916,-0.0278350954099751,-1.32021975916439,0.00186584193013338,-0.0849113812246298,0.00181681395328272,-0.719309190489918,0.000260376842579124
0.421029141056481,0.514366112018722,-0.0280296831585123,-1.32023080966351,0.00187988039798946,-0.0849121961679175,0.00182984431648152,-0.71933321914011,0.000267250234032207
0.423949040637325,0.514353842590335,-0.0282256477531583,-1.32024200929182,0.00189403808835108,-0.0849130195960882,0.00184297339932762,-0.71935755548355,0.000274272245549989
0.426889190155123,0.514341384625146,-0.0284229991521869,-1.3202533600064,0.00190831624912124,-0.0849138515533533,0.00185620203947424,-0.719382203094446,0.000281445847487571
0.429849730046193,0.514328735057608,-0.0286217473864433,-1.32026486378873,0.00192271614453932,-0.0849146920827132,0.00186953108288601,-0.719407165578563,0.000288774065655667
0.432830801720801,0.514315890769307,-0.0288219025597724,-1.32027652264494,0.00193723905542241,-0.0849155412258979,0.00188296138392741,-0.719432446573218,0.000296259982249802
0.435832547569911,0.514302848588026,-0.0290234748494452,-1.32028833860612,0.00195188627941002,-0.0849163990233071,0.00189649380545191,-0.719458049747262,0.000303906736792314
0.438855110971994,0.514289605286789,-0.0292264745065808,-1.32030031372862,0.00196665913121244,-0.0849172655139478,0.00191012921889158,-0.719483978801056,0.000311717527086058
0.441898636299867,0.514276157582882,-0.0294309118565681,-1.32031245009427,0.00198155894286253,-0.0849181407353708,0.00192386850434748,-0.719510237466436,0.000319695610181026
0.444963268927599,0.514262502136868,-0.0296367972994819,-1.32032474981074,0.00199658706397132,-0.0849190247236052,0.00193771255068052,-0.719536829506665,0.000327844303352115
0.448049155237445,0.514248635551582,-0.0298441413104965,-1.32033721501177,0.00201174486198713,-0.0849199175130908,0.00195166225560304,-0.719563758716377,0.000336166985090758
0.451156442626847,0.514234554371105,-0.030052954440296,-1.32034984785752,0.00202703372245852,-0.0849208191366092,0.0019657185257708,-0.719591028921505,0.000344667096107504
0.454285279515466,0.514220255079726,-0.03026324731548,-1.32036265053483,0.00204245504930099,-0.0849217296252127,0.00197988227687567,-0.7196186439792,0.000353348140347681
0.457435815352278,0.514205734100883,-0.0304750306389654,-1.32037562525751,0.00205801026506743,-0.0849226490081516,0.00199415443373878,-0.719646607777736,0.000362213686019158
0.46060820062271,0.51419098779609,-0.0306883151903839,-1.3203887742667,0.00207370081122256,-0.0849235773127988,0.00200853593040424,-0.719674924236406,0.000371267366632733
0.463802586855826,0.514176012463845,-0.0309031118264748,-1.32040209983111,0.00208952814842124,-0.0849245145645738,0.00202302771023336,-0.719703597305398,0.000380512882054651
0.467019126631568,0.514160804338518,-0.0311194314814718,-1.32041560424737,0.00210549375679062,-0.0849254607868634,0.00203763072599933,-0.719732630965664,0.000389953999571535
0.470257973588042,0.514145359589225,-0.0313372851674863,-1.32042928984032,0.0021215991362165,-0.084926416000941,0.00205234593998236,-0.719762029228773,0.000399594554967408
0.473519282428857,0.514129674318676,-0.0315566839748836,-1.32044315896334,0.00213784580663366,-0.0849273802258834,0.0020671743240654,-0.719791796136747,0.000409438453613881
0.476803208930514,0.51411374456202,-0.0317776390726541,-1.32045721399866,0.00215423530832043,-0.0849283534784863,0.00208211685983009,-0.719821935761888,0.000419489671571516
0.480109909949849,0.514097566285648,-0.0320001617087769,-1.32047145735769,0.00217076920219725,-0.0849293357731764,0.00209717453865326,-0.719852452206582,0.000429752256704052
0.483439543431522,0.514081135386002,-0.0322242632105794,-1.32048589148133,0.00218744907012944,-0.0849303271219225,0.00211234836180377,-0.719883349603097,0.000440230329805086
0.486792268415562,0.514064447688346,-0.0324499549850876,-1.32050051884029,0.0022042765152346,-0.0849313275341436,0.0021276393405397,-0.719914632113357,0.000450928085735935
0.490168245044966,0.514047498945527,-0.0326772485193701,-1.32051534193546,0.00222125316219403,-0.0849323370166149,0.00214304849620587,-0.719946303928704,0.000461849794576946
0.493567634573345,0.514030284836714,-0.032906155380875,-1.3205303632982,0.00223838065756858,-0.0849333555733717,0.00215857686033169,-0.719978369269642,0.00047299980278967
0.496990599372628,0.514012800966119,-0.0331366872177582,-1.32054558549072,0.00225566067011902,-0.0849343832056107,0.00217422547472929,-0.720010832385564,0.000484382534391203
0.500437302940819,0.513995042861693,-0.0333688557592039,-1.32056101110637,0.0022730948911311,-0.0849354199115889,0.00218999539159185,-0.720043697554459,0.000496002492141046
0.503907909909802,0.51397700597381,-0.0336026728157363,-1.32057664277001,0.00229068503474472,-0.08493646568652,0.0022058876735922,-0.720076969082609,0.000507864258738888
0.50740258605321,0.513958685673924,-0.0338381502795224,-1.32059248313839,0.0023084328382883,-0.0849375205224688,0.00222190339398162,-0.720110651304254,0.000519972498034565
0.510921498294339,0.513940077253207,-0.0340753001246647,-1.32060853490044,0.00232634006261735,-0.0849385844082423,0.00223804363668872,-0.720144748581251,0.000532331956249327
0.514464814714125,0.513921175921169,-0.0343141344074858,-1.32062480077765,0.00234440849245818,-0.0849396573292791,0.00225430949641854,-0.720179265302707,0.000544947463208184
0.518032704559168,0.513901976804257,-0.0345546652668007,-1.32064128352446,0.00236263993675627,-0.0849407392675353,0.00227070207875166,-0.720214205884591,0.000557823933584389
0.52162533824982,0.513882474944426,-0.0347969049241802,-1.32065798592857,0.00238103622902951,-0.0849418302013682,0.00228722250024341,-0.72024957476933,0.000570966368153986
0.525242887388322,0.513862665297702,-0.0350408656842023,-1.32067491081132,0.0023995992277264,-0.0849429301054177,0.00230387188852306,-0.720285376425381,0.000584379855061962
0.528885524767003,0.51384254273271,-0.0352865599346921,-1.3206920610281,0.00241833081658947,-0.0849440389504842,0.00232065138239303,-0.720321615346782,0.000598069571099091
0.532553424376533,0.513822102029188,-0.0355340001469507,-1.32070943946865,0.00243723290502348,-0.084945156703404,0.00233756213192792,-0.720358296052682,0.000612040782988599
0.536246761414231,0.513801337876483,-0.0357831988759708,-1.3207270490575,0.00245630742846918,-0.0849462833269224,0.00235460529857367,-0.720395423086848,0.000626298848684731
0.539965712292437,0.513780244872013,-0.0360341687606397,-1.32074489275433,0.00247555634878185,-0.0849474187795632,0.00237178205524624,-0.720433001017148,0.000640849218679518
0.543710454646936,0.513758817519721,-0.0362869225239293,-1.32076297355432,0.00249498165461574,-0.0849485630154956,0.00238909358643041,-0.720471034435015,0.000655697437321301
0.547481167345445,0.513737050228498,-0.0365414729730724,-1.32078129448861,0.00251458536181333,-0.0849497159843984,0.00240654108827813,-0.72050952795488,0.000670849144141727
0.551278030496154,0.513714937310587,-0.0367978329997236,-1.3207998586246,0.00253436951380041,-0.0849508776313207,0.00242412576870669,-0.720548486213587,0.000686310075192431
0.55510122545633,0.513692472979963,-0.0370560155801077,-1.32081866906645,0.0025543361819868,-0.0849520478965402,0.00244184884749648,-0.720587913869778,0.000702086064391289
0.558950934840979,0.513669651350695,-0.0373160337751504,-1.32083772895538,0.00257448746617236,-0.0849532267154178,0.00245971155638844,-0.720627815603259,0.00071818304487703
0.56282734253157,0.51364646643528,-0.0375779007305945,-1.32085704147015,0.0025948254949591,-0.0849544140182497,0.00247771513918099,-0.72066819611433,0.000734607050372899
0.566730633684818,0.513622912142959,-0.0378416296771004,-1.32087660982742,0.00261535242616881,-0.084955609730116,0.00249586085182653,-0.720709060123101,0.000751364216557721
0.570660994741526,0.513598982278009,-0.0381072339303281,-1.3208964372822,0.00263607044726678,-0.0849568137707259,0.00251414996252733,-0.72075041236877,0.000768460782446134
0.574618613435493,0.513574670538011,-0.0383747268910032,-1.32091652712823,0.0026569817757916,-0.0849580260542606,0.00253258375183095,-0.720792257608878,0.000785903091775425
0.578603678802477,0.513549970512094,-0.0386441220449648,-1.32093688269843,0.00267808865979077,-0.0849592464892117,0.00255116351272476,-0.720834600618538,0.000803697594399577
0.582616381189231,0.513524875679162,-0.0389154329631941,-1.32095750736531,0.00269939337826267,-0.0849604749782172,0.00256989055072997,-0.720877446189631,0.000821850847690847
0.586656912262587,0.513499379406096,-0.0391886733018251,-1.32097840454143,0.00272089824160499,-0.084961711417894,0.00258876618399475,-0.720920799129975,0.000840369517947248
0.590725465018618,0.513473474945925,-0.0394638568021349,-1.32099957767978,0.0027426055920691,-0.0849629556986667,0.0026077917433865,-0.720964664262463,0.000859260381806032
0.594822233791852,0.513447155435988,-0.0397409972905145,-1.32102103027428,0.00276451780422152,-0.0849642077045935,0.00262696857258332,-0.721009046424173,0.000878530327662719
0.598947414264556,0.513420413896061,-0.0400201086784177,-1.32104276586016,0.00278663728541138,-0.084965467313188,0.00264629802816431,-0.721053950465447,0.000898186357095709
0.603101203476082,0.513393243226471,-0.0403012049622897,-1.3210647880145,0.00280896647624518,-0.0849667343952381,0.00266578147969899,-0.721099381248933,0.000918235586294919
0.607283799832281,0.513365636206177,-0.0405843002234739,-1.32108710035657,0.00283150785106777,-0.0849680088146214,0.0026854203098355,-0.721145343648605,0.000938685247494797
0.611495403114975,0.513337585490835,-0.0408694086280945,-1.3211097065484,0.00285426391845098,-0.0849692904281164,0.00270521591438769,-0.721191842548739,0.000959542690411264
0.615736214491506,0.513309083610839,-0.0411565444269181,-1.32113261029516,0.00287723722168862,-0.0849705790852109,0.00272516970242083,-0.721238882842868,0.000980815383681111
0.620006436524339,0.513280122969342,-0.0414457219551897,-1.32115581534568,0.00290043033929953,-0.0849718746279064,0.00274528309633613,-0.721286469432692,0.00100251091630485
0.624306273180741,0.513250695840243,-0.0417369556324444,-1.32117932549291,0.00292384588553676,-0.0849731768905188,0.00276555753195368,-0.721334607226964,0.00102463699909064
0.628635929842521,0.513220794366164,-0.0420302599622959,-1.32120314457438,0.00294748651090543,-0.0849744856994755,0.00278599445859402,-0.721383301140332,0.00104720146609999
0.632995613315842,0.513190410556399,-0.0423256495321964,-1.32122727647271,0.00297135490268748,-0.0849758008731094,0.00280659533915807,-0.721432556092154,0.00107021227609438
0.637385531841099,0.513159536284842,-0.042623139013172,-1.32125172511611,0.00299545378547438,-0.0849771222214476,0.0028273616502054,-0.721482377005275,0.00109367751398196
0.641805895102865,0.513128163287889,-0.042922743159531,-1.32127649447883,0.00301978592170771,-0.0849784495459985,0.00284829488203083,-0.72153276880476,0.00111760539226305
0.646256914239905,0.51309628316232,-0.0432244768085429,-1.32130158858171,0.00304435411222753,-0.0849797826395331,0.00286939653873907,-0.721583736416607,0.00114200425247615
0.650738801855265,0.513063887363163,-0.043528354880091,-1.32132701149267,0.00306916119682966,-0.084981121285864,0.00289066813831751,-0.721635284766404,0.00116688256663922
0.655251772026422,0.513030967201527,-0.0438343923762944,-1.3213527673272,0.00309421005483021,-0.0849824652596197,0.00291211121270707,-0.721687418777961,0.00119224893869163
0.659796040315516,0.512997513842422,-0.0441426043811017,-1.32137886024892,0.00311950360563959,-0.0849838143260154,0.00293372730787083,-0.721740143371901,0.0012181121059299
0.664371823779638,0.51296351830255,-0.0444530060598521,-1.32140529447008,0.00314504480934474,-0.0849851682406199,0.00295551798386053,-0.72179346346421,0.00124448094044119
0.668979340981204,0.512928971448081,-0.0447656126588075,-1.32143207425208,0.00317083666730028,-0.0849865267491186,0.00297748481488076,-0.721847383964748,0.00127136445053047
0.673618811998395,0.512893863992406,-0.0450804395046519,-1.32145920390606,0.00319688222272871,-0.0849878895870725,0.00299962938935085,-0.721901909775724,0.0012987717821433
0.678290458435663,0.51285818649386,-0.0453975020039579,-1.32148668779336,0.00322318456132975,-0.0849892564796737,0.0030219533099641,-0.721957045790127,0.00132671222028041
0.682994503434323,0.512821929353442,-0.0457168156426209,-1.32151453032614,0.0032497468118995,-0.0849906271414962,0.00304445819374462,-0.722012796890118,0.00135519519040603
0.687731171683206,0.512785082812499,-0.0460383959852582,-1.32154273596791,0.00327657214695821,-0.0849920012762439,0.00306714567210136,-0.722069167945382,0.00138423025984738
0.692500689429393,0.512747636950394,-0.0463622586745749,-1.32157130923408,0.00330366378338931,-0.0849933785764933,0.00309001739087944,-0.722126163811439,0.00141382713918506
0.697303284489026,0.512709581682158,-0.0466884194306931,-1.32160025469257,0.00333102498308693,-0.0849947587234336,0.00311307501040845,-0.722183789327907,0.00144399568363252
0.70213918625818,0.51267090675612,-0.0470168940504459,-1.32162957696431,0.00335865905361495,-0.0849961413866019,0.00313632020554797,-0.722242049316737,0.00147474589440544
0.70700862572383,0.512631601751514,-0.0473476984066349,-1.32165928072392,0.00338656934887539,-0.0849975262236149,0.00315975466572975,-0.722300948580385,0.00150608792007784
0.71191183547488,0.512591656076076,-0.0476808484472492,-1.32168937070021,0.00341475926978846,-0.0849989128798963,0.00318338009499686,-0.722360491899965,0.00153803205792599
0.716849049713269,0.512551058963608,-0.0480163601946476,-1.32171985167684,0.00344323226498289,-0.0850003009884008,0.00320719821203939,-0.722420684033334,0.00157058875525692
0.721820504265165,0.512509799471543,-0.0483542497447002,-1.32175072849288,0.00347199183149746,-0.0850016901693339,0.00323121075022675,-0.72248152971316,0.00160376861072298
0.726826436592224,0.512467866478474,-0.0486945332658929,-1.32178200604344,0.00350104151549425,-0.0850030800298669,0.00325541945763647,-0.722543033644918,0.00163758237561862
0.731867085802933,0.512425248681678,-0.0490372269983896,-1.32181368928029,0.00353038491298333,-0.0850044701638502,0.00327982609707924,-0.722605200504867,0.00167204095516077
0.736942692664033,0.512381934594615,-0.0493823472530539,-1.32184578321248,0.00356002567055924,-0.0850058601515197,0.0033044324461202,-0.722668034937966,0.00170715540974992
0.742053499612018,0.512337912544416,-0.0497299104104301,-1.32187829290695,0.0035899674861502,-0.0850072495592023,0.00332924029709638,-0.722731541555755,0.00174293695621203
0.747199750764715,0.512293170669355,-0.0500799329196811,-1.32191122348923,0.00362021410977886,-0.085008637939015,0.00335425145713002,-0.722795724934186,0.00177939696901863
0.752381691932944,0.512247696916301,-0.0504324312974833,-1.32194458014401,0.00365076934433703,-0.0850100248285619,0.00337946774813782,-0.722860589611409,0.0018165469814852
0.757599570632259,0.512201479038158,-0.0507874221268779,-1.32197836811584,0.003681637046372,-0.0850114097506263,0.00340489100683589,-0.722926140085518,0.00185439868694609
0.762853636094773,0.512154504591289,-0.0511449220560786,-1.32201259270979,0.00371282112688812,-0.0850127922128598,0.00343052308474033,-0.722992380812248,0.00189296393990523
0.768144139281058,0.512106760932934,-0.0515049477972331,-1.32204725929211,0.00374432555215973,-0.085014171707467,0.00345636584816329,-0.723059316202625,0.00193225475715975
0.773471332892138,0.512058235218598,-0.0518675161251397,-1.32208237329092,0.00377615434456038,-0.0850155477108865,0.00348242117820438,-0.723126950620575,0.00197228331889759
0.778835471381553,0.512008914399446,-0.0522326438759175,-1.32211794019687,0.00380831158340469,-0.0850169196834687,0.00350869097073733,-0.723195288380483,0.00201306196976553
0.784236810967519,0.511958785219668,-0.0526003479456296,-1.32215396556385,0.00384080140580575,-0.0850182870691495,0.00353517713639181,-0.723264333744713,0.00205460321990791
0.78967560964516,0.511907834213849,-0.0529706452888582,-1.32219045500972,0.00387362800754726,-0.0850196492951205,0.00356188160053008,-0.723334090921075,0.00209691974597404
0.795152127198837,0.511856047704311,-0.0533435529172331,-1.32222741421696,0.00390679564397103,-0.0850210057714952,0.00358880630321876,-0.723404564060254,0.00214002439209277
0.800666625214554,0.511803411798464,-0.0537190878979089,-1.32226484893344,0.00394030863088041,-0.0850223558909728,0.00361595319919499,-0.723475757253184,0.00218393017081248
0.806219367092452,0.511749912386129,-0.054097267351995,-1.32230276497311,0.00397417134545944,-0.0850236990284972,0.00364332425782753,-0.723547674528391,0.00222865026400737
0.811810618059391,0.511695535136863,-0.0544781084529347,-1.32234116821678,0.0040083882272092,-0.0850250345409132,0.00367092146307211,-0.723620319849277,0.00227419802374468
0.817440645181619,0.511640265497276,-0.0548616284248338,-1.32238006461279,0.00404296377890018,-0.0850263617666197,0.00369874681342114,-0.723693697111369,0.00232058697311416
0.823109717377527,0.511584088688336,-0.0552478445407369,-1.32241946017785,0.00407790256754287,-0.0850276800252188,0.00372680232184773,-0.723767810139517,0.00236783080701886
0.828818105430497,0.511526989702669,-0.0556367741208548,-1.32245936099773,0.00411320922537534,-0.0850289886171622,0.00375509001574375,-0.723842662685056,0.00241594339292328
0.834566082001833,0.511468953301856,-0.056028434530737,-1.32249977322806,0.00414888845086916,-0.0850302868233944,0.00378361193685176,-0.723918258422911,0.00246493877155868
0.840353921643785,0.511409964013721,-0.0564228431793923,-1.3225407030951,0.00418494500975453,-0.0850315739049924,0.00381237014119088,-0.723994600948676,0.00251483115758494
0.846181900812664,0.511350006129617,-0.0568200175173565,-1.32258215689654,0.00422138373606379,-0.0850328491028031,0.00384136669897631,-0.724071693775633,0.00256563494020551
0.852050297882047,0.511289063701706,-0.0572199750347059,-1.32262414100225,0.00425820953319406,-0.0850341116370773,0.00387060369453232,-0.724149540331739,0.00261736468373536
0.857959393156072,0.511227120540245,-0.0576227332590172,-1.32266666185515,0.00429542737499142,-0.0850353607071006,0.00390008322619892,-0.72422814395657,0.0026700351281202
0.863909468882829,0.511164160210854,-0.0580283097532711,-1.32270972597195,0.00433304230685394,-0.0850365954908223,0.00392980740623147,-0.724307507898218,0.00272366118940459
0.86990080926784,0.511100166031801,-0.058436722113703,-1.32275333994403,0.00437105944685617,-0.0850378151444811,0.00395977836069382,-0.724387635310153,0.00277825796014747
0.875933700487633,0.511035121071274,-0.0588479879675966,-1.32279751043821,0.00440948398689558,-0.0850390188022284,0.00398999822934431,-0.72446852924804,0.00283384070978587
0.882008430703416,0.51096900814466,-0.0592621249710215,-1.32284224419766,0.00444832119386054,-0.085040205575749,0.0040204691655147,-0.724550192666525,0.00289042488494079
0.888125290074835,0.510901809811824,-0.0596791508065155,-1.32288754804267,0.00448757641082054,-0.0850413745538796,0.004051193335982,-0.724632628415968,0.00294802610966777
0.894284570773836,0.510833508374391,-0.0600990831807095,-1.32293342887154,0.00452725505824028,-0.0850425248022255,0.00408217292083287,-0.724715839239153,0.00300666018564871
0.900486566998624,0.510764085873029,-0.0605219398218949,-1.32297989366144,0.00456736263521623,-0.085043655362774,0.0041134101133206,-0.724799827767951,0.00306634309232329
0.906731574987708,0.510693524084743,-0.0609477384775343,-1.3230269494693,0.00460790472073824,-0.0850447652535069,0.00414490711971456,-0.724884596519954,0.0031270909869584
0.913019893034057,0.510621804520166,-0.0613764969117148,-1.32307460343264,0.0046488869749757,-0.0850458534680108,0.00417666615914197,-0.724970147895066,0.00318892020465544
0.919351821499347,0.510548908420861,-0.0618082329025421,-1.32312286277048,0.00469031514058837,-0.0850469189750855,0.00420868946342174,-0.725056484172067,0.0032518472582912
0.925727662828307,0.510474816756629,-0.062242964239477,-1.32317173478426,0.00473219504406378,-0.0850479607183507,0.00424097927689057,-0.725143607505143,0.00331588883839357
0.932147721563161,0.510399510222827,-0.0626807087206147,-1.32322122685871,0.00477453259708113,-0.0850489776158516,0.00427353785622085,-0.725231519920378,0.00338106181294856
0.938612304358183,0.510322969237694,-0.0631214841499022,-1.32327134646276,0.00481733379790131,-0.0850499685596629,0.00430636747023054,-0.725320223312224,0.00344738322713783
0.945121719994339,0.510245173939683,-0.0635653083343004,-1.32332210115048,0.00486060473278627,-0.0850509324154913,0.00433947039968467,-0.725409719439937,0.0035148703030049
0.951676279394036,0.51016610418481,-0.0640121990808845,-1.32337349856199,0.00490435157744479,-0.0850518680222777,0.00437284893708859,-0.725500009923987,0.00358354043904952
0.958276295635973,0.510085739544012,-0.0644621741938863,-1.32342554642439,0.004948580598509,-0.0850527741917977,0.00440650538647263,-0.725591096242437,0.00365341120974633
0.964922083970099,0.51000405930052,-0.0649152514716771,-1.32347825255271,0.00499329815503957,-0.0850536497082619,0.00444044206316827,-0.725682979727305,0.00372450036498917
0.971613961832666,0.509921042447239,-0.0653714487036904,-1.32353162485086,0.00503851070006131,-0.0850544933279153,0.00447466129357563,-0.725775661560897,0.00379682582945784
0.978352248861393,0.509836667684154,-0.0658307836672861,-1.32358567131256,0.00508422478212994,-0.0850553037786364,0.00450916541492213,-0.725869142772116,0.00387040570190555
0.985137266910738,0.509750913415742,-0.0662932741245541,-1.32364040002235,0.00513044704693036,-0.0850560797595361,0.0045439567750123,-0.725963424232758,0.00394525825436698
0.991969340067262,0.509663757748403,-0.0667589378190581,-1.32369581915647,0.00517718423890753,-0.0850568199405561,0.00457903773196869,-0.726058506653783,0.00402140193128492
0.998848794665118,0.509575178487916,-0.0672277924725209,-1.32375193698393,0.00522444320293,-0.0850575229620682,0.00461441065396364,-0.726154390581574,0.00409885534855337
1.00577595930163,0.509485153136899,-0.0676998557814489,-1.32380876186743,0.00527223088598763,-0.0850581874344728,0.00465007791894205,-0.726251076394175,0.00417763729247705
1.01275116485301,0.509393658892304,-0.0681751454136969,-1.32386630226435,0.00532055433892328,-0.0850588119377988,0.00468604191433476,-0.726348564297523,0.00425776671864492
1.01977474449012,0.509300672642921,-0.0686536790049732,-1.32392456672776,0.0053694207182004,-0.0850593950213036,0.00472230503676284,-0.726446854321666,0.00433926275071755
1.02684703369442,0.509206170966912,-0.0691354741552858,-1.32398356390739,0.0054188372877057,-0.0850599352030742,0.00475886969173232,-0.726545946316971,0.00442214467912544
1.033968370274,0.509110130129356,-0.0696205484253289,-1.32404330255065,0.00546881142058939,-0.0850604309696286,0.00479573829331974,-0.726645839950325,0.00450643195967887
1.04113909437969,0.50901252607983,-0.0701089193328083,-1.3241037915036,0.00551935060114198,-0.0850608807755198,0.0048329132638479,-0.726746534701334,0.0045921442120877
1.0483595485213,0.508913334450009,-0.0706006043487095,-1.324165039712,0.00557046242671003,-0.0850612830429396,0.00487039703355233,-0.726848029858516,0.00467930121838855
1.05563007758401,0.508812530551283,-0.0710956208935059,-1.32422705622227,0.00562215460965051,-0.0850616361613252,0.00490819204023803,-0.726950324515497,0.00476792292128059
1.06295102884484,0.508710089372413,-0.071593986333308,-1.32428985018256,0.00567443497932479,-0.085061938486967,0.00494630072892653,-0.727053417567209,0.00485802942236713
1.07032275198921,0.508605985577206,-0.0720957179759521,-1.3243534308437,0.00572731148413302,-0.0850621883426187,0.00498472555149328,-0.727157307706089,0.00494964098030326
1.07774559912768,0.508500193502216,-0.0726008330670333,-1.32441780756026,0.00578079219359026,-0.0850623840171093,0.0050234689662953,-0.727261993418287,0.00504277800884773
1.08521992481272,0.508392687154482,-0.0731093487858773,-1.32448298979157,0.00583488530044424,-0.0850625237649581,0.00506253343778905,-0.727367472979885,0.00513746107481911
1.0927460860557,0.508283440209281,-0.0736212822414551,-1.3245489871027,0.00588959912283613,-0.0850626058059914,0.00510192143613843,-0.727473744453128,0.00523371089595537
1.1003244423439,0.508172426007926,-0.0741366504682391,-1.32461580916552,0.00594494210650498,-0.0850626283249636,0.005141635436813,-0.727580805682666,0.0053315483386745
1.10795535565772,0.508059617555585,-0.0746554704220017,-1.32468346575968,0.00600092282703613,-0.0850625894711794,0.00518167792017624,-0.727688654291819,0.00543099441573835
1.11563919048792,0.507944987519133,-0.0751777589755556,-1.32475196677368,0.00605754999215585,-0.0850624873581211,0.00522205137106414,-0.727797287678853,0.00553207028381852
1.12337631385307,0.507828508225039,-0.0757035329144374,-1.32482132220583,0.00611483244407063,-0.0850623200630785,0.00526275827835358,-0.727906703013294,0.00563479724095989
1.13116709531708,0.507710151657282,-0.076232808932534,-1.32489154216528,0.00617277916185494,-0.0850620856267828,0.00530380113452117,-0.728016897232249,0.00573919672394907
1.13901190700682,0.507589889455305,-0.0767656036276501,-1.32496263687306,0.00623139926388488,-0.0850617820530442,0.00534518243519181,-0.728127867036775,0.00584529030557868
1.14691112362992,0.507467692911999,-0.0773019334970229,-1.32503461666306,0.0062907020103215,-0.0850614073083944,0.00538690467867778,-0.728239608888261,0.00595309969181468
1.15486512249268,0.50734353297172,-0.0778418149327765,-1.32510749198304,0.00635069680564312,-0.0850609593217327,0.00542897036550754,-0.728352119004856,0.00606264671886209
1.16287428351806,0.507217380228355,-0.0783852642173226,-1.3251812733956,0.00641139320122702,-0.0850604359839775,0.00547138199794504,-0.728465393357935,0.00617395335013143
1.17093898926384,0.5070892049234,-0.0789322975187041,-1.32525597157924,0.00647280089798311,-0.085059835147722,0.00551414207949886,-0.728579427668596,0.00628704167310373
1.1790596249409,0.506958976944103,-0.0794829308858844,-1.32533159732928,0.00653492974903816,-0.0850591546268957,0.00555725311442189,-0.728694217404213,0.00640193389609672
1.18723657843162,0.506826665821617,-0.0800371802439792,-1.32540816155885,0.00659778976247305,-0.0850583921964311,0.00560071760720086,-0.728809757775023,0.00651865234493049
1.19547024030838,0.506692240729213,-0.0805950613894358,-1.32548567529989,0.00666139110411304,-0.0850575455919354,0.0056445380620365,-0.728926043730771,0.00663721945949447
1.20376100385228,0.506555670480518,-0.0811565899851554,-1.32556414970409,0.0067257441003726,-0.085056612509369,0.00568871698231379,-0.729043069957409,0.00675765779021487
1.21210926507183,0.506416923527792,-0.0817217815555623,-1.32564359604383,0.00679085924115366,-0.0850555906047292,0.00573325687006268,-0.729160830873842,0.00687998999442369
1.22051542272196,0.506275967960257,-0.0822906514816182,-1.32572402571312,0.00685674718280138,-0.0850544774937407,0.00577816022540918,-0.729279320628742,0.00700423883263035
1.22897987832301,0.506132771502447,-0.0828632149957812,-1.32580545022857,0.00692341875111452,-0.0850532707515526,0.00582342954601707,-0.729398533097423,0.00713042716469597
1.23750303617991,0.505987301512615,-0.0834394871769138,-1.32588788123022,0.00699088494441402,-0.0850519679124418,0.00586906732652003,-0.729518461878775,0.00725857794591178
1.24608530340153,0.505839524981167,-0.084019482945134,-1.32597133048252,0.00705915693666917,-0.0850505664695238,0.00591507605794458,-0.729639100292275,0.00738871422298226
1.25472708992008,0.505689408529148,-0.0846032170566147,-1.32605580987518,0.0071282460806821,-0.0850490638744703,0.00596145822712358,-0.729760441375066,0.00752085912991401
1.26342880851072,0.505536918406763,-0.0851907040983292,-1.32614133142403,0.00719816391133238,-0.0850474575372347,0.00600821631610079,-0.729882477879113,0.00765503588381256
1.27219087481126,0.50538202049194,-0.0857819584827428,-1.32622790727186,0.00726892214888075,-0.0850457448257849,0.00605535280152607,-0.730005202268432,0.00779126778058598
1.28101370734203,0.505224680288938,-0.0863769944424533,-1.3263155496893,0.00734053270233453,-0.0850439230658441,0.00610287015404192,-0.730128606716411,0.00792957819056078
1.28989772752585,0.505064862926993,-0.086975826024776,-1.32640427107559,0.00741300767287451,-0.0850419895406398,0.00615077083766092,-0.730252683103205,0.00806999055400703
1.29884335970818,0.504902533159012,-0.0875784670862765,-1.32649408395936,0.00748635935734351,-0.0850399414906608,0.00619905730913447,-0.730377423013225,0.0082125283765781
1.30785103117738,0.504737655360306,-0.0881849312872517,-1.32658500099944,0.00756060025179853,-0.0850377761134232,0.00624773201731307,-0.730502817732716,0.00835721522466504
1.31692117218509,0.504570193527368,-0.0887952320861559,-1.32667703498557,0.0076357430551261,-0.0850354905632448,0.00629679740249781,-0.730628858247434,0.00850407472066655
1.32605421596686,0.50440011127669,-0.0894093827339766,-1.32677019883914,0.00771180067272226,-0.0850330819510287,0.00634625589578383,-0.73075553524041,0.0086531305381804
1.33525059876274,0.504227371843634,-0.0900273962685537,-1.32686450561387,0.00778878622023732,-0.0850305473440557,0.00639610991839522,-0.730882839089824,0.00880440639711327
1.34451075983821,0.504051938081337,-0.0906492855088486,-1.32695996849646,0.00786671302738623,-0.0850278837657867,0.00644636188101207,-0.731010759866979,0.00895792605871537
1.3538351415051,0.503873772459663,-0.0912750630491589,-1.32705660080727,0.00794559464182507,-0.0850250881956738,0.0064970141830895,-0.731139287334382,0.00911371332054073
1.36322418914273,0.503692837064204,-0.0919047412532801,-1.32715441600089,0.00802544483309489,-0.0850221575689823,0.00654806921216894,-0.731268410943928,0.00927179201133521
1.37267835121923,0.503509093595318,-0.0925383322486127,-1.32725342766672,0.00810627759663182,-0.0850190887766214,0.0065995293431817,-0.731398119835209,0.00943218598585571
1.38219807931287,0.503322503367222,-0.0931758479202166,-1.32735364952952,0.00818810715784671,-0.0850158786649862,0.00665139693774515,-0.731528402833925,0.00959491911962279
1.39178382813373,0.503133027307119,-0.0938172999048109,-1.3274550954499,0.00827094797627187,-0.0850125240358092,0.00670367434345167,-0.731659248450418,0.00976001530360976
1.40143605554534,0.502940625954378,-0.0944626995847192,-1.32755777942481,0.00835481474977778,-0.0850090216460227,0.00675636389315027,-0.73179064487833,0.0099274984388717
1.4111552225866,0.50274525945976,-0.0951120580817602,-1.32766171558795,0.00843972241885907,-0.0850053682076322,0.00680946790422159,-0.731922579993374,0.0100973924311163
1.42094179349378,0.502546887584686,-0.0957653862510833,-1.32776691821016,0.00852568617099084,-0.0850015603875997,0.00686298867784583,-0.73205504135224,0.0102697211852213
1.43079623572268,0.502345469700555,-0.0964226946749482,-1.32787340169981,0.00861272144505545,-0.0849975948077392,0.00691692849826431,-0.732188016191623,0.0104445085997004
1.440719019971,0.502140964788103,-0.0970839936564479,-1.32798118060304,0.00870084393583936,-0.0849934680446225,0.00697128963203453,-0.732321491427382,0.0106217785611212
1.45071062020079,0.501933331436819,-0.0977492932131761,-1.32809026960409,0.00879006959860423,-0.0849891766294968,0.0070260743272792,-0.732455453653833,0.0108015549384812
1.46077151366109,0.501722527844399,-0.0984186030708367,-1.32820068352545,0.00888041465372619,-0.0849847170482138,0.00708128481292909,-0.732589889143175,0.0109838615775416
1.47090218091073,0.501508511816251,-0.0990919326567949,-1.32831243732811,0.00897189559141062,-0.0849800857411701,0.00713692329796018,-0.73272478384505,0.0111687222951241
1.48110310584131,0.50129124076505,-0.0997692910935696,-1.32842554611158,0.00906452917647749,-0.0849752791032599,0.00719299197062533,-0.732860123386245,0.0113561608733779
1.49137477570027,0.501070671710337,-0.100450687192268,-1.32854002511403,0.00915833245322115,-0.0849702934838392,0.00724949299768034,-0.732995893070534,0.0115462010540144
1.50171768111418,0.500846761278174,-0.101136129445958,-1.32865588971228,0.00925332275034216,-0.0849651251867023,0.00730642852360508,-0.733132077878658,0.0117388665325195
1.5121323161122,0.500619465700838,-0.10182562602298,-1.32877315542176,0.00934951768595388,-0.0849597704700703,0.00736380066981951,-0.733268662468449,0.0119341809523441
1.52261917814963,0.500388740816579,-0.102519184760198,-1.32889183789638,0.00944693517266285,-0.0849542255465918,0.00742161153389504,-0.733405631175104,0.0121321678990791
1.53317876813171,0.500154542069415,-0.103216813156186,-1.32901195292843,0.00954559342272202,-0.0849484865833568,0.00747986318876126,-0.733542968011596,0.0123328508946162
1.54381159043753,0.499916824508984,-0.103918518364354,-1.32913351644831,0.00964551095326069,-0.0849425497019217,0.00753855768190858,-0.73368065666924,0.012536253391304
1.55451815294413,0.499675542790453,-0.104624307186002,-1.32925654452425,0.0097467065915865,-0.0849364109783482,0.00759769703458644,-0.733818680518403,0.0127423987660975
1.56529896705074,0.499430651174469,-0.105334186063319,-1.32938105336201,0.00984919948056462,-0.0849300664432544,0.00765728324099804,-0.733957022609361,0.0129513103147107
1.57615454770323,0.499182103527175,-0.106048161072301,-1.32950705930438,0.0099530090840701,-0.0849235120818785,0.00771731826749111,-0.734095665673312,0.0131630112457737
1.58708541341869,0.498929853320268,-0.106766237915617,-1.32963457883079,0.0100581551925157,-0.0849167438341557,0.00777780405174537,-0.734234592123533,0.0133775246750005
1.5980920863102,0.498673853631123,-0.107488421915389,-1.32976362855668,0.0101646579284562,-0.084909757594808,0.00783874250195684,-0.734373784056688,0.0135948736193715
1.60917509211179,0.498414057142968,-0.108214718005916,-1.3298942252329,0.0102725377522652,-0.0849025492134464,0.00790013549601913,-0.734513223254291,0.0138150809913352
1.62033496020352,0.498150416145116,-0.108945130726315,-1.33002638574502,0.01038181546789,-0.0848951144946879,0.00796198488070182,-0.734652891184319,0.0140381695930345
1.63157222363676,0.497882882533259,-0.109679664213096,-1.33016012711251,0.0104925122286798,-0.0848874491982831,0.00802429247082662,-0.734792769002968,0.014264162110562
1.64288741915971,0.497611407809816,-0.110418322192657,-1.3302954664879,0.01060464954329,-0.0848795490392596,0.00808706004844086,-0.73493283755657,0.0144930811082487
1.65428108724297,0.497335943084348,-0.111161107973707,-1.33043242115583,0.0107182492816615,-0.0848714096880764,0.00815028936198915,-0.735073077383654,0.0147249490229909
1.6657537721054,0.497056439074032,-0.111908024439611,-1.33057100853204,0.0108333336810746,-0.0848630267707933,0.00821398212548294,-0.735213468717159,0.0149597881586218
1.67730602174008,0.496772846104196,-0.112659074040653,-1.33071124616221,0.0109499253522788,-0.0848543958692529,0.00827814001766864,-0.735353991486794,0.0151976206803303
1.68893838794052,0.496485114108928,-0.113414258786223,-1.33085315172079,0.0110680472856964,-0.0848455125212754,0.00834276468119416,-0.735494625321545,0.0154384686091326
1.70065142632699,0.496193192631743,-0.114173580236919,-1.33099674300971,0.0111877228577014,-0.0848363722208682,0.00840785772177412,-0.735635349552332,0.0156823538164023
1.71244569637308,0.495897030826325,-0.114937039496568,-1.33114203795695,0.0113089758369723,-0.0848269704184474,0.00847342070735432,-0.73577614321481,0.0159292980184628
1.72432176143241,0.495596577457336,-0.115704637204159,-1.33128905461509,0.0114318303909196,-0.0848173025210739,0.00853945516727505,-0.73591698505231,0.0161793227712467
1.73628018876552,0.495291780901295,-0.116476373525694,-1.33143781115969,0.0115563110921862,-0.084807363892702,0.00860596259143409,-0.736057853518931,0.0164324494650286
1.74832154956701,0.494982589147546,-0.117252248145945,-1.33158832588766,0.0116824429252225,-0.0847971498544424,0.00867294442944913,-0.736198726782763,0.0166886993192332
1.7604464189928,0.494668949799283,-0.118032260260132,-1.33174061721541,0.0118102512929335,-0.0847866556848374,0.00874040208982001,-0.736339582729253,0.0169480933773258
1.77265537618758,0.494350810074666,-0.118816408565494,-1.33189470367698,0.0119397620233996,-0.084775876620151,0.00880833693909094,-0.73648039896471,0.0172106525017887
1.78494900431252,0.494028116808023,-0.119604691252786,-1.33205060392203,0.0120710013766686,-0.0847648078546714,0.00887675030101309,-0.736621152819938,0.0174763973691893
1.79732789057308,0.493700816451119,-0.120397105997666,-1.33220833671374,0.012203996051621,-0.0847534445410272,0.00894564345570724,-0.736761821354005,0.0177453484653418
1.80979262624709,0.493368855074534,-0.121193649951996,-1.33236792092655,0.0123387731929049,-0.084741781790517,0.00901501763882718,-0.736902381358141,0.0180175260805688
1.82234380671297,0.493032178369114,-0.121994319735044,-1.33252937554385,0.0124753603979427,-0.0847298146734527,0.00908487404072393,-0.737042809359757,0.0182929503050702
1.83498203147818,0.492690731647518,-0.122799111424584,-1.33269271965548,0.012613785724008,-0.084717538219516,0.00915521380561067,-0.737183081626595,0.0185716410243943
1.84770790420785,0.492344459845869,-0.1236080205479,-1.33285797245516,0.0127540776953704,-0.0847049474181279,0.00922603803072887,-0.737323174170989,0.0188536179150275
1.86052203275364,0.491993307525497,-0.124421042072688,-1.33302515323775,0.0128962653105118,-0.0846920372188322,0.00929734776551587,-0.73746306275425,0.0191389004400974
1.87342502918271,0.491637218874778,-0.125238170397854,-1.33319428139646,0.0130403780494076,-0.0846788025316922,0.00936914401077349,-0.73760272289116,0.0194275078451966
1.88641750980704,0.491276137711099,-0.126059399344207,-1.33336537641984,0.0131864458808768,-0.0846652382276999,0.00944142771783858,-0.737742129854576,0.0197194591543319
1.89950009521279,0.490910007482906,-0.12688472214505,-1.33353845788868,0.013334499269999,-0.0846513391392001,0.00951419978775523,-0.737881258680142,0.0200147731660018
1.91267341029,0.490538771271888,-0.127714131436663,-1.33371354547278,0.013484569185595,-0.0846371000603259,0.00958746107044882,-0.738020084171098,0.0203134684494047
1.92593808426241,0.490162371795265,-0.128547619248677,-1.33389065892755,0.0136366871077735,-0.0846225157474489,0.00966121236390218,-0.73815858090319,0.020615563340784
1.93929475071751,0.489780751408198,-0.129385176994341,-1.33406981809052,0.0137908850355403,-0.0846075809196419,0.00973545441333393,-0.738296723229676,0.0209210759399112
1.95274404763682,0.48939385210633,-0.130226795460677,-1.33425104287764,0.0139471954944695,-0.0845922902591547,0.00981018791037917,-0.738434485286414,0.0212300241067101
1.96628661742637,0.489001615528452,-0.131072464798529,-1.33443435327948,0.0141056515444383,-0.0845766384119039,0.00988541349227262,-0.738571840997041,0.0215424254580283
1.97992310694735,0.488603982959301,-0.131922174512495,-1.33461976935727,0.0142662867874185,-0.0845606199879746,0.00996113174103441,-0.738708764078228,0.0218582973645549
1.99365416754703,0.488200895332499,-0.13277591345075,-1.33480731123875,0.01442913537533,-0.0845442295621363,0.0100373431826585,-0.738845228045012,0.0221776569478898
2.00748045508988,0.48779229323364,-0.133633669794754,-1.33499699911394,0.0145942320179495,-0.0845274616743713,0.0101140482863042,-0.738981206216201,0.022500521077766
2.0214026299889,0.487378116903512,-0.134495431048854,-1.33518885323063,0.0147616119908759,-0.0845103108304163,0.0101912474634901,-0.739116671719839,0.0228269063694281
2.03542135723711,0.486958306241485,-0.135361184029756,-1.33538289388984,0.014931311143552,-0.084492771502317,0.010268941067292,-0.739251597498735,0.0231568291811695
2.0495373064394,0.486532800809047,-0.136230914855904,-1.33557914144103,0.0151033659073366,-0.0844748381289962,0.0103471293915429,-0.739385956316051,0.0234903056120279
2.06375115184445,0.486101539833513,-0.137104608936726,-1.33577761627714,0.0152778133036305,-0.0844565051168344,0.0104258126700375,-0.739519720760931,0.0238273514996463
2.07806357237695,0.48566446221189,-0.137982250961778,-1.33597833882947,0.0154546909520508,-0.0844377668402634,0.0105049910757391,-0.739652863254186,0.0241679824182943
2.09247525167004,0.48522150651493,-0.138863824889767,-1.33618132956244,0.0156340370786549,-0.0844186176423736,0.0105846647199904,-0.73978535605401,0.0245122136770575
2.10698687809795,0.484772610991351,-0.139749313937465,-1.33638660896805,0.0158158905242088,-0.0843990518355336,0.0106648336517281,-0.739917171261734,0.0248600603181935
2.12159914480891,0.484317713572249,-0.140638700568506,-1.33659419756024,0.016000290752502,-0.084379063702023,0.010745497856701,-0.740048280827611,0.0252115371156542
2.1363127497582,0.483856751875701,-0.141531966482072,-1.33680411586909,0.0161872778587028,-0.0843586474946789,0.0108266572566917,-0.740178656556621,0.0255666585737794
2.15112839574156,0.483389663211564,-0.142429092601463,-1.33701638443472,0.0163768925777551,-0.0843377974375543,0.0109083117087427,-0.740308270114296,0.0259254389261591
2.1660467904287,0.48291638458648,-0.143330059062564,-1.33723102380108,0.0165691762928132,-0.0843165077265907,0.0109904610043859,-0.740437093032556,0.0262878921346665
2.18106864639712,0.482436852709084,-0.144234845202194,-1.33744805450954,0.0167641710437124,-0.0842947725303032,0.0110731048688765,-0.74056509671555,0.0266540318886615
2.19619468116618,0.481951003995437,-0.145143429546348,-1.33766749709222,0.0169619195354713,-0.0842725859904788,0.0111562429604311,-0.740692252445509,0.0270238716043668
2.21142561723131,0.481458774574676,-0.146055789798336,-1.33788937206519,0.0171624651468292,-0.084249942222888,0.0112398748694699,-0.740818531388576,0.0273974244244128
2.22676218209858,0.480960100294891,-0.14697190282681,-1.33811369992139,0.0173658519388069,-0.0842268353180098,0.0113240001178629,-0.740943904600643,0.0277747032175554
2.24220510831939,0.480454916729242,-0.147891744653692,-1.3383405011234,0.017572124663297,-0.0842032593417695,0.0114086181581815,-0.741068343033166,0.0281557205785637
2.25775513352553,0.479943159182318,-0.148815290441999,-1.33856979609594,0.0177813287716754,-0.0841792083362902,0.0114937283729532,-0.741191817538953,0.0285404888282773
2.27341300046436,0.479424762696738,-0.149742514483568,-1.33880160521818,0.0179935104234328,-0.0841546763206578,0.0115793300739224,-0.741314298877939,0.0289290200138327
2.28917945703428,0.478899662060021,-0.150673390186685,-1.33903594881581,0.0182087164948241,-0.0841296572916991,0.0116654225013144,-0.741435757722915,0.0293213259090591
2.30505525632052,0.478367791811707,-0.15160789006362,-1.33927284715291,0.0184269945875296,-0.0841041452247736,0.0117520048231056,-0.741556164665229,0.0297174180150401
2.32104115663104,0.477829086250749,-0.152545985718074,-1.33951232042355,0.0186483930373296,-0.0840781340745794,0.0118390761342971,-0.741675490220436,0.0301173075608417
2.33713792153279,0.477283479443191,-0.153487647832532,-1.33975438874319,0.0188729609227841,-0.0840516177759718,0.0119266354561948,-0.74179370483391,0.0305210055044034
2.35334631988814,0.47673090523012,-0.154432846155539,-1.33999907213979,0.0191007480739156,-0.0840245902447968,0.0120146817356932,-0.741910778886387,0.0309285225335935
2.36966712589169,0.476171297235915,-0.155381549488891,-1.34024639054477,0.0193318050808937,-0.0839970453787381,0.0121032138445653,-0.742026682699468,0.0313398690674234
2.38610111910714,0.475604588876793,-0.156333725674753,-1.3404963637836,0.0195661833027145,-0.0839689770581781,0.0121922305787573,-0.74214138654104,0.0317550552574205
2.40264908450462,0.475030713369659,-0.157289341582706,-1.34074901156623,0.0198039348758731,-0.0839403791470728,0.0122817306576891,-0.742254860630637,0.0321740909891584
2.41931181249812,0.474449603741273,-0.158248363096723,-1.34100435347724,0.0200451127230226,-0.0839112454938419,0.0123717127235599,-0.74236707514473,0.0325969858839393
2.43609009898327,0.473861192837731,-0.159210755102086,-1.34126240896573,0.0202897705616182,-0.0838815699322728,0.0124621753406597,-0.742478000221923,0.0330237493006277
2.45298474537537,0.473265413334281,-0.160176481472245,-1.34152319733494,0.0205379629125416,-0.0838513462824386,0.0125531169946867,-0.742587605968086,0.0334543903376339
2.46999655864764,0.47266219774547,-0.161145505055627,-1.34178673773161,0.0207897451086972,-0.0838205683516322,0.0126445360920702,-0.742695862461379,0.0338889178350401
2.48712635136979,0.472051478435634,-0.162117787662401,-1.34205304913505,0.0210451733035826,-0.0837892299353139,0.0127364309593005,-0.742802739757198,0.0343273403768716
2.50437494174681,0.471433187629732,-0.163093290051195,-1.34232215034601,0.0213043044798203,-0.0837573248180755,0.0128287998422638,-0.742908207893013,0.0347696662935048
2.52174315365806,0.470807257424548,-0.164071971915791,-1.34259405997515,0.0215671964576534,-0.0837248467746181,0.0129216409055849,-0.74301223689311,0.0352159036642122
2.53923181669665,0.470173619800249,-0.165053791871788,-1.34286879643135,0.0218339079033936,-0.0836917895707468,0.0130149522319751,-0.743114796773225,0.0356660603198382
2.55684176620901,0.469532206632315,-0.166038707443243,-1.34314637790964,0.0221044983378215,-0.0836581469643796,0.0131087318215883,-0.743215857545067,0.036120143845605
2.57457384333485,0.468882949703847,-0.167026675049308,-1.34342682237893,0.0223790281445287,-0.0836239127065737,0.0132029775913832,-0.743315389220726,0.0365781615840409
2.59242889504728,0.468225780718263,-0.168017649990854,-1.34371014756934,0.0226575585781996,-0.0835890805425659,0.013297687374493,-0.743413361816965,0.0370401206380313
2.61040777419332,0.467560631312385,-0.169011586437108,-1.34399637095934,0.0229401517728268,-0.0835536442128312,0.0133928589196025,-0.74350974535939,0.0375060278739845
2.6285113395346,0.466887433069921,-0.170008437412289,-1.34428550976251,0.0232268707498514,-0.0835175974541559,0.0134884898903333,-0.743604509886495,0.0379758899251127
2.64674045578839,0.466206117535361,-0.17100815478228,-1.34457758091406,0.0235177794262247,-0.0834809340007288,0.0135845778646362,-0.743697625453573,0.0384497131948176
2.6650959936689,0.465516616228278,-0.172010689241316,-1.34487260105699,0.0238129426223832,-0.0834436475852482,0.0136811203341929,-0.743789062136506,0.0389275038601832
2.68357882992886,0.464818860658049,-0.17301599029872,-1.34517058652796,0.0241124260701314,-0.0834057319400467,0.013778114703825,-0.743878790035411,0.0394092678755659
2.70218984740145,0.464112782339007,-0.174024006265685,-1.34547155334287,0.0244162964204255,-0.0833671807982325,0.0138755582909127,-0.743966779278153,0.0398950109762816
2.72092993504239,0.463398312806021,-0.175034684242111,-1.3457755171821,0.0247246212510487,-0.0833279878948487,0.0139734483248228,-0.744053000023716,0.040384738682381
2.73979998797246,0.462675383630509,-0.176047970103515,-1.34608249337539,0.0250374690741755,-0.0832881469680499,0.0140717819463451,-0.744137422465432,0.0408784563025122
2.75880090752022,0.461943926436904,-0.17706380848802,-1.34639249688651,0.0253549093438126,-0.083247651760297,0.0141705562071397,-0.744220016834064,0.0413761689378642
2.77793360126509,0.461203872919563,-0.178082142783433,-1.34670554229746,0.0256770124631119,-0.0832064960195702,0.0142697680691943,-0.744300753400745,0.041877881486186
2.79719898308069,0.460455154860132,-0.179102915114426,-1.34702164379248,0.0260038497915477,-0.0831646735005996,0.0143694144042915,-0.744379602479762,0.0423835986458778
2.81659797317847,0.459697704145374,-0.180126066329826,-1.34734081514162,0.0263354936519484,-0.0831221779661151,0.0144694919934878,-0.744456534431196,0.0428933249201486
2.83613149815172,0.458931452785458,-0.181151535990042,-1.34766306968403,0.0266720173373761,-0.083079003188115,0.0145699975266035,-0.744531519663402,0.0434070646212354
2.85580049101974,0.458156332932722,-0.182179262354614,-1.34798842031091,0.0270134951178452,-0.0830351429491528,0.0146709276017252,-0.744604528635341,0.0439248218746803
2.87560589127251,0.457372276900912,-0.183209182369926,-1.34831687944813,0.0273600022468707,-0.0829905910436442,0.0147722787247195,-0.744675531858751,0.0444466006236569
2.89554864491548,0.456579217184893,-0.184241231657074,-1.34864845903845,0.0277116149678395,-0.0829453412791926,0.0148740473087603,-0.744744499900165,0.044972404633347
2.91562970451479,0.455777086480851,-0.185275344499915,-1.34898317052346,0.028068410520192,-0.0828993874779349,0.0149762296738696,-0.744811403382772,0.0455022374953573
2.93585002924278,0.454965817706981,-0.186311453833304,-1.34932102482519,0.0284304671454098,-0.082852723477906,0.0150788220464715,-0.744876212988117,0.0460361026321729
2.95621058492378,0.454145344024662,-0.187349491231538,-1.3496620323273,0.0287978640927955,-0.0828053431344246,0.0151818205589605,-0.744938899457638,0.0465740033016442
2.97671234408028,0.453315598860127,-0.188389386897015,-1.35000620285595,0.0291706816250374,-0.0827572403214978,0.0152852212492858,-0.744999433594057,0.0471159426015003
2.99735628597932,0.452476515926633,-0.189431069649129,-1.35035354566037,0.029549001023549,-0.0827084089332463,0.0153890200605498,-0.745057786262592,0.0476619234738845
3.01814339667932,0.451628029247127,-0.190474466913413,-1.35070406939304,0.0299329045935732,-0.0826588428853508,0.0154932128406235,-0.745113928392027,0.0482119487099083
3.03907466907719,0.450770073177414,-0.191519504710943,-1.35105778208949,0.0303224756690409,-0.0826085361165176,0.0155977953417787,-0.745167830975609,0.0487660209542159
3.06015110295567,0.449902582429829,-0.192566107648026,-1.35141469114779,0.0307177986171735,-0.082557482589966,0.0157027632203369,-0.74521946507179,0.0493241427095586
3.08137370503119,0.449025492097408,-0.193614198906173,-1.35177480330768,0.0311189588428182,-0.0825056762949352,0.015808112036337,-0.745268801804813,0.0498863163413712
3.10274348900188,0.448138737678577,-0.194663700232395,-1.35213812462937,0.031526042792509,-0.0824531112482134,0.0159138372532214,-0.745315812365128,0.0504525440823462
3.12426147559604,0.447242255102332,-0.195714531929817,-1.35250466047189,0.0319391379582357,-0.0823997814956869,0.0160199342375416,-0.745360468009662,0.0510228280370026
3.14592869262085,0.446335980753936,-0.196766612848637,-1.35287441547124,0.0323583328809162,-0.0823456811139103,0.016126398258684,-0.745402740061924,0.051597170186243
3.16774617501149,0.445419851501115,-0.197819860377449,-1.35324739351805,0.0327837171535571,-0.0822908042116979,0.0162332244886164,-0.745442599911952,0.0521755723918951
3.18971496488059,0.444493804720764,-0.198874190434945,-1.35362359773498,0.0332153814240932,-0.0822351449317358,0.0163404080016569,-0.745480019016107,0.0527580364012342
3.21183611156796,0.443557778326153,-0.199929517461998,-1.3540030304537,0.0336534173978927,-0.0821786974522157,0.0164479437742641,-0.745514968896713,0.0533445638514791
3.23411067169074,0.442611710794635,-0.200985754414182,-1.35438569319159,0.0340979178399167,-0.0821214559884883,0.0165558266848518,-0.745547421141539,0.0539351562742615
3.25653970919388,0.44165554119586,-0.202042812754698,-1.35477158662804,0.0345489765765229,-0.0820634147947395,0.0166640515136269,-0.745577347403133,0.0545298151000604
3.27912429540095,0.440689209220473,-0.203100602447763,-1.35516071058045,0.0350066884968978,-0.0820045681656855,0.0167726129424528,-0.745604719398003,0.0551285416626017
3.30186550906528,0.439712655209318,-0.204159031952464,-1.35555306397982,0.035471149554108,-0.0819449104382906,0.0168815055547385,-0.745629508905648,0.0557313372032133
3.32476443642155,0.438725820183127,-0.20521800821709,-1.35594864484609,0.0359424567657585,-0.0818844359935035,0.0169907238353539,-0.745651687767445,0.0563382028751375
3.3478221712376,0.437728645872691,-0.206277436673978,-1.35634745026307,0.036420708214243,-0.0818231392580161,0.0171002621705735,-0.745671227885386,0.0569491397477933
3.37103981486675,0.436721074749517,-0.207337221234868,-1.35674947635306,0.0369060030465756,-0.0817610147060413,0.0172101148480479,-0.745688101220674,0.0575641488109856
3.39441847630035,0.435703050056954,-0.208397264286817,-1.35715471825115,0.0373984414737905,-0.0816980568611112,0.0173202760568049,-0.745702279792177,0.0581832309790575
3.41795927222076,0.434674515841794,-0.209457466688654,-1.35756317007921,0.0378981247698966,-0.081634260297895,0.0174307398872812,-0.74571373567474,0.0588063870949821
3.44166332705473,0.433635416986325,-0.210517727768028,-1.35797482491949,0.0384051552703756,-0.081569619644037,0.017541500331385,-0.745722440997364,0.0594336179343925
3.46553177302703,0.432585699240851,-0.211577945319049,-1.35838967478799,0.038919636370207,-0.0815041295820129,0.017652551282591,-0.745728367941243,0.0600649242095406
3.48956575021462,0.431525309256642,-0.212638015600546,-1.35880771060745,0.0394416725214119,-0.0814377848510058,0.0177638865360688,-0.745731488737675,0.0607003065731894
3.51376640660105,0.430454194619338,-0.213697833334963,-1.3592289221801,0.0399713692300978,-0.0813705802487999,0.0178754997888452,-0.745731775665837,0.0613397656224286
3.53813489813128,0.429372303882771,-0.214757291707917,-1.35965329816001,0.0405088330529936,-0.0813025106336933,0.0179873846400018,-0.745729201050433,0.0619833019024149
3.56267238876697,0.428279586603204,-0.215816282368416,-1.3600808260253,0.041054171593462,-0.081233570926427,0.0180995345909089,-0.74572373725922,0.062630915910032
3.58738005054197,0.427175993373982,-0.216874695429791,-1.36051149204989,0.0416074934969737,-0.0811637561121324,0.0182119430454967,-0.745715356700406,0.0632826080974673
3.61225906361841,0.426061475860579,-0.21793241947133,-1.3609452812751,0.0421689084460318,-0.0810930612422944,0.0183246033105639,-0.745704031819929,0.0639383788757046
3.63731061634298,0.424935986836021,-0.218989341540648,-1.36138217748093,0.0427385271545334,-0.0810214814367308,0.018437508596127,-0.745689735098615,0.0645982286179259
3.66253590530377,0.42379948021669,-0.220045347156813,-1.36182216315709,0.0433164613615535,-0.080949011885587,0.0185506520158081,-0.74567243904923,0.0652621576628256
3.68793613538733,0.422651911098477,-0.221100320314239,-1.36226521947375,0.0439028238245389,-0.0808756478513454,0.0186640265872655,-0.745652116213407,0.0659301663178291
3.71351251983634,0.421493235793283,-0.222154143487375,-1.36271132625207,0.0444977283118984,-0.080801384670849,0.0187776252326655,-0.74562873915847,0.0666022548622167
3.73926628030746,0.420323411865841,-0.223206697636198,-1.36316046193449,0.0451012895949773,-0.0807262177573374,0.018891440779198,-0.745602280474152,0.0672784235501495
3.76519864692972,0.41914239817086,-0.224257862212542,-1.36361260355481,0.0457136234394011,-0.0806501426024964,0.0190054659596361,-0.745572712769202,0.0679586726135952
3.7913108583633,0.417950154890453,-0.225307515167264,-1.36406772670801,0.0463348465957759,-0.0805731547785184,0.0191196934129413,-0.745540008667896,0.0686430022651525
3.81760416185865,0.416746643571854,-0.226355532958284,-1.36452580551992,0.0469650767897347,-0.0804952499401733,0.0192341156849149,-0.745504140806446,0.0693314127007699
3.84407981331609,0.415531827165385,-0.227401790559506,-1.36498681261667,0.0476044327113114,-0.0804164238268899,0.0193487252288962,-0.745465081829314,0.0700239041023598
3.87073907734582,0.414305670062672,-0.228446161470632,-1.36545071909396,0.0482530340036382,-0.0803366722648454,0.0194635144065099,-0.74542280438543,0.0707204766403055
3.89758322732826,0.413068138135079,-0.229488517727911,-1.36591749448615,0.0489110012509435,-0.080255991169063,0.0195784754884618,-0.745377281124325,0.0714211304758566
3.92461354547494,0.411819198772341,-0.230528729915804,-1.36638710673526,0.0495784559658468,-0.0801743765455159,0.0196936006553849,-0.745328484692166,0.0721258657634158
3.95183132288971,0.410558820921383,-0.231566667179616,-1.36685952215975,0.0502555205759329,-0.0800918244932369,0.0198088819987373,-0.745276387727716,0.0728346826527121
3.97923785963041,0.409286975125293,-0.232602197239092,-1.3673347054232,0.0509423184095953,-0.0800083312064327,0.0199243115217509,-0.745220962858206,0.0735475812908601
4.00683446477099,0.40800363356243,-0.233635186402995,-1.36781261950292,0.0516389736811386,-0.0799238929766006,0.0200398811404343,-0.745162182695126,0.0742645618243043
4.03462245646401,0.406708770085648,-0.234665499584686,-1.3682932256584,0.0523456114751205,-0.0798385061946474,0.0201555826846281,-0.745100019829943,0.0749856244006473
4.06260316200361,0.405402360261606,-0.235693000318723,-1.3687764833997,0.0530623577299378,-0.0797521673530093,0.020271407899116,-0.745034446829738,0.0757107691703597
4.09077791788892,0.404084381410138,-0.236717550778483,-1.36926235045583,0.0537893392206245,-0.07966487304777,0.0203873484447909,-0.74496543623278,0.0764399962883717
4.11914806988789,0.402754812643664,-0.23773901179483,-1.36975078274298,0.0545266835408698,-0.0795766199807776,0.0205033958998769,-0.744892960544021,0.0771733059155449
4.14771497310157,0.401413634906614,-0.238757242875846,-1.37024173433281,0.055274519084235,-0.0794874049617564,0.020619541761209,-0.744816992230531,0.0779106982200225
4.17647999202884,0.40006083101483,-0.239772102227623,-1.37073515742067,0.0560329750245604,-0.0793972249104153,0.0207357774455694,-0.744737503716866,0.0786521733784599
4.20544450063156,0.398696385694929,-0.240783446776141,-1.37123100229384,0.0568021812955573,-0.0793060768585475,0.0208520942910838,-0.744654467380371,0.0793977315771296
4.23460988240025,0.397320285623587,-0.241791132190243,-1.37172921729984,0.0575822685695694,-0.0792139579521229,0.0209684835586749,-0.744567855546431,0.0801473730129066
4.26397753042013,0.395932519466731,-0.242795012905706,-1.37222974881469,0.0583733682354987,-0.0791208654533704,0.0210849364335773,-0.744477640483659,0.0809010978941256
4.29354884743766,0.394533077918589,-0.243794942150438,-1.37273254121128,0.0591756123758855,-0.0790267967428482,0.021201444026911,-0.744383794399029,0.0816589064413172
4.32332524592758,0.393121953740585,-0.244790771970785,-1.37323753682788,0.059989133743135,-0.0789317493215002,0.021317997377317,-0.744286289432962,0.0824207988878157
4.35330814816033,0.391699141800032,-0.245782353258982,-1.37374467593662,0.0608140657348822,-0.078835720812698,0.0214345874526535,-0.744185097654356,0.0831867754802429
4.38349898627002,0.39026463910861,-0.246769535781738,-1.37425389671224,0.0616505423684892,-0.0787387089642651,0.0215512051517532,-0.744080191055574,0.0839568364788641
4.41389920232282,0.388818444860573,-0.247752168209967,-1.37476513520086,0.062498698254665,-0.0786407116504825,0.021667841306244,-0.743971541547377,0.0847309821578175
4.44451024838583,0.387360560470678,-0.248730098149677,-1.37527832528899,0.0633586685702063,-0.0785417268740729,0.0217844866824306,-0.743859120953827,0.0855092128052149
4.47533358659646,0.385890989611772,-0.249703172174007,-1.3757933986727,0.0642305890298481,-0.0784417527681628,0.0219011319832395,-0.743742901007133,0.0862915287231157
4.50637068923228,0.38440973825204,-0.250671235856435,-1.37631028482702,0.0651145958572248,-0.0783407875982192,0.0220177678502267,-0.743622853342475,0.0870779302273714
4.53762303878129,0.382916814691838,-0.251634133805146,-1.37682891097557,0.0660108257549309,-0.0782388297639596,0.0221343848656481,-0.743498949492772,0.0878684176473403
4.56909212801278,0.381412229600109,-0.252591709698563,-1.3773492020604,0.0669194158736841,-0.0781358778012332,0.0222509735545928,-0.743371160883429,0.0886629913254738
4.60077946004862,0.379895996050331,-0.253543806322052,-1.37787108071221,0.0678405037805813,-0.0780319303838712,0.0223675243871802,-0.743239458827047,0.0894616516167718
4.63268654843505,0.37836812955596,-0.254490265605789,-1.37839446722077,0.0687742274264476,-0.0779269863255039,0.0224840277808191,-0.743103814518095,0.0902643988881086
4.66481491721498,0.376828648105338,-0.255430928663795,-1.37891927950574,0.069720725112279,-0.0778210445813423,0.0226004741025305,-0.742964199027559,0.0910712335174262
4.69716610100076,0.375277572196019,-0.256365635834131,-1.37944543308781,0.0706801354547703,-0.0777141042499228,0.0227168536713322,-0.742820583297563,0.0918821558927979
4.72974164504755,0.373714924868496,-0.25729422672026,-1.37997284106027,0.0716525973509347,-0.0776061645748122,0.0228331567606866,-0.742672938135959,0.0926971664113599
4.76254310532705,0.372140731739258,-0.258216540233552,-1.38050141406087,0.0726382499418108,-0.0774972249462707,0.0229493736010102,-0.742521234210898,0.0935162654781096
4.79557204860185,0.370555021033176,-0.259132414636948,-1.38103106024428,0.0736372325752606,-0.0773872849028707,0.0230654943822446,-0.742365442045372,0.094339453504572
4.82883005250031,0.368957823615153,-0.260041687589764,-1.38156168525484,0.0746496847678548,-0.0772763441330702,0.023181509256489,-0.74220553201174,0.0951667309073332
4.86231870559183,0.367349173021006,-0.260944196193618,-1.38209319219991,0.075675746165857,-0.0771644024767366,0.0232974083406932,-0.742041474326236,0.0959980981064398
4.89603960746281,0.365729105487558,-0.261839777039496,-1.38262548162366,0.0767155565052973,-0.0770514599266203,0.0234131817194099,-0.741873239043448,0.096833555523664
4.92999436879299,0.364097659981869,-0.262728266255916,-1.38315845148144,0.0777692555711521,-0.0769375166297754,0.0235288194476075,-0.741700796050796,0.0976731035806344
4.96418461143244,0.362454878229604,-0.263609499558195,-1.38369199711469,0.0788369831556244,-0.0768225728889242,0.0236443115535397,-0.741524115062982,0.0985167426968316
4.99861196847899,0.360800804742468,-0.264483312298806,-1.38422601122642,0.0799188790155364,-0.0767066291637653,0.0237596480416738,-0.741343165616436,0.0993644732874474
5.03327808435624,0.35913548684469,-0.265349539518802,-1.38476038385734,0.0810150828288361,-0.0765896860722205,0.0238748188956745,-0.741157917063743,0.100216295761107
5.06818461489212,0.357458974698505,-0.266208016000291,-1.38529500236262,0.0821257341502292,-0.0764717443916202,0.0239898140814441,-0.740968338568063,0.101072210517458
5.10333322739797,0.35577132132861,-0.267058576319947,-1.38582975138929,0.0832509723659421,-0.0763528050598246,0.0241046235502158,-0.740774399097545,0.101932217944614
5.13872560074817,0.354072582645531,-0.267901054903542,-1.38636451285442,0.084390936647624,-0.0762328691762775,0.0242192372417006,-0.740576067419725,0.102796318416466
5.17436342546036,0.352362817467894,-0.268735286081469,-1.38689916592386,0.0855457659053975,-0.0761119380029912,0.0243336450872857,-0.740373312095928,0.103664512289853
5.21024840377617,0.35064208754354,-0.269561104145239,-1.38743358699193,0.0867155987400736,-0.0759900129654608,0.0244478370132831,-0.740166101475659,0.104536799901594
5.24638224974252,0.348910457569447,-0.270378343404923,-1.38796764966172,0.0879005733945321,-0.0758670956535045,0.0245618029442261,-0.73995440369099,0.10541318156537
5.2827666892935,0.34716799521044,-0.271186838247528,-1.38850122472628,0.0891008277042921,-0.0757431878220287,0.0246755328062139,-0.739738186650951,0.106293657568478
5.31940346033281,0.345414771116635,-0.271986423196259,-1.3890341801506,0.0903164990472735,-0.0756182913917149,0.0247890165303008,-0.739517418035919,0.10717822816843
5.35629431281677,0.343650858939584,-0.272776932970662,-1.38956638105447,0.0915477242927745,-0.0754924084496273,0.0249022440559286,-0.739292065292001,0.108066893589417
5.39344100883792,0.341876335347095,-0.273558202547593,-1.39009768969619,0.0927946397496701,-0.0753655412497381,0.0250152053344014,-0.739062095625431,0.10895965401862
5.43084532270915,0.340091280036677,-0.274330067223014,-1.3906279654572,0.0940573811138566,-0.0752376922133691,0.0251278903323991,-0.738827475996966,0.109856509602381
5.4685090410485,0.338295775747593,-0.275092362674548,-1.39115706482767,0.0953360834149503,-0.075108863929547,0.0252402890355287,-0.738588173116283,0.110757460442225
5.50643396286443,0.336489908271475,-0.275844925024792,-1.39168484139294,0.0966308809622648,-0.0749790591552711,0.0253523914519112,-0.738344153436395,0.111662506590733
5.54462189964184,0.33467376646147,-0.276587590905328,-1.39221114582111,0.0979419072900805,-0.0748482808156912,0.0254641876158013,-0.738095383148062,0.112571648047263
5.58307467542852,0.332847442239891,-0.277320197521413,-1.39273582585146,0.0992692951022275,-0.0747165320041937,0.0255756675912373,-0.737841828174226,0.113484884753527
5.6217941269223,0.331011030604339,-0.278042582717299,-1.393258726284,0.100613176216004,-0.0745838159823943,0.0256868214757203,-0.73758345416445,0.114402216589007
5.66078210355879,0.329164629632264,-0.278754585042149,-1.39377968897006,0.101973681505443,-0.0744501361800357,0.0257976394039182,-0.737320226489373,0.115323643366222
5.70004046759971,0.327308340483941,-0.27945604381651,-1.39429855280391,0.103350940843966,-0.0743154961947885,0.0259081115513934,-0.737052110235182,0.116249164825844
5.73957109422183,0.325442267403825,-0.280146799199294,-1.39481515371553,0.104745083046423,-0.074179899791954,0.0260182281383507,-0.736779070198101,0.117178780631643
5.77937587160657,0.323566517720273,-0.280826692255234,-1.39532932466444,0.106156235810559,-0.0740433509040663,0.0261279794334028,-0.736501070878899,0.118112490365294
5.81945670103016,0.321681201843589,-0.281495565022763,-1.39584089563474,0.107584525657932,-0.0739058536303946,0.0262373557573508,-0.736218076477421,0.119050293521004
5.85981549695445,0.319786433262386,-0.282153260582274,-1.39634969363121,0.109030077874295,-0.0737674122363415,0.026346347486977,-0.735930050887142,0.119992189499993
5.90045418711838,0.317882328538229,-0.282799623124716,-1.39685554267672,0.110493016449473,-0.0736280311527382,0.0264549450588451,-0.735636957689748,0.120938177604802
5.94137471263004,0.315969007298541,-0.28343449802047,-1.39735826381068,0.111973464016775,-0.0734877149750348,0.0265631389731087,-0.73533876014974,0.121888257033442
5.9825790280594,0.314046592227763,-0.284057731888471,-1.39785767508885,0.113471541791942,-0.0733464684623844,0.0266709197973198,-0.735035421209076,0.122842426873374
6.02406910153166,0.312115209056729,-0.284669172665513,-1.39835359158431,0.114987369511677,-0.0732042965366198,0.0267782781702389,-0.734726903481838,0.123800686095319
6.06584691482126,0.310174986550256,-0.285268669675692,-1.39884582538966,0.116521065371791,-0.0730612042811231,0.0268852048056405,-0.734413169248942,0.124763033546902
6.10791446344653,0.308226056492931,-0.285856073699932,-1.39933418562057,0.118072745964968,-0.0729171969395863,0.0269916904961112,-0.734094180452876,0.12572946794612
6.15027375676503,0.306268553673067,-0.286431237045551,-1.39981847842051,0.119642526218207,-0.0727722799146623,0.027097726116838,-0.733769898692488,0.126699987874636
6.19292681806951,0.304302615864847,-0.286994013615797,-1.40029850696686,0.121230519329958,-0.0726264587665068,0.0272033026293824,-0.73344028521781,0.127674591770905
6.23587568468454,0.302328383808601,-0.287544258979322,-1.40077407147827,0.122836836706975,-0.0724797392112094,0.0273084110854369,-0.733105300924928,0.128653277923106
6.27912240806387,0.300346001189256,-0.288081830439512,-1.40124496922339,0.124461587900937,-0.0723321271191145,0.0274130426305614,-0.73276490635091,0.129636044461917
6.32266905388835,0.298355614612914,-0.288606587103646,-1.40171099453089,0.126104880544852,-0.0721836285130313,0.0275171885078939,-0.732419061668771,0.130622889353082
6.36651770216467,0.296357373581573,-0.289118389951805,-1.40217193880085,0.127766820289284,-0.0720342495663332,0.0276208400618343,-0.732067726682506,0.131613810389819
6.41067044732463,0.294351430465986,-0.289617101905491,-1.40262759051747,0.129447510738433,-0.0718839966009463,0.027723988741696,-0.731710860822175,0.132608805185028
6.45512939832527,0.292337940476644,-0.290102587895884,-1.40307773526322,0.131147053386099,-0.0717328760852275,0.0278266261053223,-0.731348423139051,0.133607871163313
6.49989667874954,0.290317061632905,-0.290574714931694,-1.40352215573427,0.132865547551573,-0.0715808946317321,0.0279287438226633,-0.730980372300832,0.134611005552821
6.54497442690774,0.288288954730256,-0.291033352166546,-1.40396063175731,0.134603090315472,-0.0714280589948721,0.028030333679311,-0.730606666586927,0.135618205376882
6.5903647959397,0.286253783305713,-0.291478370965826,-1.40439294030782,0.136359776455569,-0.0712743760684648,0.0281313875799873,-0.73022726388381,0.136629467445464
6.63606995391757,0.284211713601378,-0.291909644972957,-1.40481885552967,0.138135698382638,-0.0711198528831735,0.0282318975519821,-0.72984212168045,0.137644788346422
6.68209208394941,0.282162914526148,-0.292327050175023,-1.40523814875609,0.139930946076363,-0.0709644966038398,0.0283318557485371,-0.729451197063829,0.138664164436561
6.72843338428345,0.280107557615591,-0.292730464967694,-1.40565058853208,0.141745607021323,-0.0708083145267099,0.028431254452173,-0.729054446714535,0.139687591832495
6.77509606841313,0.278045816990015,-0.293119770219391,-1.40605594063818,0.143579766143114,-0.0706513140765551,0.0285300860779547,-0.728651826902457,0.140715066401305
6.82208236518274,0.275977869310718,-0.293494849334639,-1.40645396811568,0.145433505744623,-0.0704935028036877,0.0286283431766913,-0.728243293482561,0.141746583750996
6.86939451889399,0.273903893734462,-0.293855588316539,-1.40684443129314,0.147306905442495,-0.0703348883808748,0.0287260184380682,-0.727828801890773,0.142782139220748
6.91703478941313,0.271824071866181,-0.294201875828311,-1.40722708781439,0.149200042103829,-0.0701754786001499,0.0288231046937065,-0.727408307139966,0.143821727870967
6.96500545227891,0.26973858770993,-0.294533603253852,-1.40760169266782,0.151112989783134,-0.0700152813695253,0.0289195949201463,-0.72698176381605,0.14486534447312
7.0133087988113,0.267647627618127,-0.294850664757242,-1.4079679982172,0.15304581965958,-0.0698543047096064,0.0290154822417513,-0.72654912607418,0.145912983499367
7.06194713622089,0.265551380239088,-0.295152957341156,-1.40832575423366,0.154998599974581,-0.06969255675011,0.0291107599335289,-0.726110347635083,0.146964639111985
7.11092278771915,0.263450036462894,-0.295440380904115,-1.40867470792929,0.156971395969737,-0.0695300457262892,0.0292054214238655,-0.725665381781506,0.148020305152574
7.16023809262934,0.261343789365615,-0.295712838296532,-1.40901460399189,0.158964269825176,-0.0693667799752662,0.0292994602971703,-0.725214181354797,0.149079975131053
7.20989540649828,0.259232834151928,-0.295970235375488,-1.40934518462122,0.160977280598327,-0.0692027679322756,0.0293928702964269,-0.72475669875162,0.150143642214442
7.25989710120885,0.257117368096153,-0.296212481058198,-1.40966618956651,0.163010484163148,-0.0690380181268213,0.0294856453256472,-0.724292885920815,0.151211299215433
7.31024556509332,0.254997590481758,-0.296439487374103,-1.40997735616536,0.165063933149859,-0.0688725391787495,0.0295777794522263,-0.723822694360397,0.152282938580736
7.36094320304735,0.252873702539344,-0.296651169515549,-1.41027841938393,0.167137676885193,-0.0687063397942392,0.0296692669091934,-0.723346075114719,0.153358552379217
7.41199243664497,0.250745907383181,-0.296847445886989,-1.41056911185846,0.169231761333213,-0.068539428761715,0.0297601020973572,-0.722862978771789,0.154438132289812
7.46339570425412,0.248614409946309,-0.297028238152683,-1.41084916393808,0.17134622903671,-0.0683718149476843,0.0298502795873413,-0.722373355460751,0.155521669589229
7.51515546115323,0.246479416914263,-0.297193471282814,-1.4111183037289,0.173481119059229,-0.0682035072925009,0.029939794121508,-0.72187715484955,0.156609155139423
7.56727417964842,0.244341136657456,-0.297343073598019,-1.41137625713941,0.175636466927738,-0.0680345148060609,0.0300286406157669,-0.72137432614276,0.157700579374859
7.61975434919166,0.242199779162276,-0.297476976812242,-1.41162274792706,0.177812304575978,-0.0678648465634318,0.0301168141612657,-0.720864818079617,0.158795932289555
7.67259847649959,0.240055555960939,-0.297595116073911,-1.41185749774615,0.180008660288523,-0.0676945117004187,0.0302043100259607,-0.720348578932229,0.159895203423902
7.72580908567334,0.237908680060143,-0.297697430005368,-1.41208022619688,0.18222555864557,-0.0675235194090729,0.0302911236560639,-0.719825556503998,0.16099838185127
7.77938871831903,0.235759365868585,-0.297783860740523,-1.41229065087564,0.184463020468494,-0.0673518789331442,0.030377250677366,-0.719295698128249,0.16210545616439
7.83333993366922,0.233607829123383,-0.297854353960698,-1.41248848742648,0.186721062766189,-0.0671795995634821,0.0304626868964304,-0.718758950667067,0.16321641446152
7.8876653087051,0.231454286815466,-0.297908858928614,-1.41267344959371,0.188999698682228,-0.0670066906333894,0.0305474283016581,-0.718215260510363,0.164331244332399
7.94236743827963,0.229298957113975,-0.297947328520504,-1.41284524927568,0.191298937442857,-0.0668331615139322,0.0306314710642212,-0.717664573575175,0.165449932843974
7.99744893524145,0.227142059289747,-0.297969719256298,-1.41300359657965,0.19361878430585,-0.0666590216092106,0.0307148115388619,-0.717106835305196,0.166572466525919
8.0529124305597,0.224983813637923,-0.297975991327873,-1.41314819987776,0.195959240510257,-0.0664842803515932,0.0307974462645566,-0.716541990670559,0.167698831355939
8.10876057344967,0.222824441399757,-0.297966108625316,-1.41327876586412,0.198320303227053,-0.0663089471969212,0.0308793719650426,-0.715969984167872,0.168829012744856
8.16499603149936,0.220664164683662,-0.297940038761198,-1.41339499961289,0.200701965510717,-0.0661330316196849,0.0309605855492064,-0.715390759820515,0.169962995521493
8.22162149079689,0.218503206385581,-0.297897753092812,-1.41349660463744,0.203104216251764,-0.0659565431081781,0.0310410841113319,-0.714804261179211,0.171100763917339
8.27863965605879,0.216341790108723,-0.297839226742373,-1.41358328295048,0.205527040130238,-0.0657794911596337,0.0311208649312076,-0.714210431322874,0.172242301551016
8.33605325075921,0.214180140082737,-0.297764438615143,-1.4136547351252,0.207970417570206,-0.0656018852753461,0.0311999254740919,-0.713609212859744,0.173387591412533
8.39386501726,0.212018481082383,-0.297673371415477,-1.41371066035738,0.210434324695236,-0.0654237349557843,0.0312782633905345,-0.713000547928819,0.174536615847347
8.45207771694168,0.20985703834577,-0.297566011660767,-1.41375075652836,0.21291873328492,-0.0652450496956996,0.0313558765160548,-0.712384378201597,0.175689356540218
8.51069413033537,0.20769603749221,-0.297442349693269,-1.41377472026905,0.215423610732413,-0.0650658389792344,0.0314327628706756,-0.71176064488412,0.176845794498871
8.56971705725559,0.205535704439778,-0.297302379689816,-1.41378224702467,0.217948920003032,-0.0648861122750342,0.0315089206583121,-0.71112928871935,0.178005910037468
8.62914931693396,0.203376265322615,-0.297146099669382,-1.41377303112049,0.220494619593928,-0.0647058790313703,0.0315843482660158,-0.710490249989876,0.179169682759886
8.68899374815392,0.20121794640806,-0.296973511498523,-1.41374676582831,0.223060663494818,-0.0645251486712749,0.0316590442630728,-0.709843468520953,0.180337091542817
8.74925320938629,0.199060974013669,-0.296784620894665,-1.41370314343379,0.225647001149818,-0.0643439305876956,0.031733007399958,-0.709188883683897,0.181508114518679
8.80993057892579,0.196905574424182,-0.296579437427251,-1.41364185530458,0.22825357742038,-0.0641622341386731,0.0318062366071434,-0.708526434399836,0.182682729058363
8.87102875502857,0.194751973808513,-0.29635797451674,-1.41356259195916,0.230880332549323,-0.0639800686425465,0.0318787309937626,-0.707856059143825,0.183860911753798
8.93255065605059,0.192600398136824,-0.296120249431469,-1.41346504313645,0.233527202126001,-0.0637974433731918,0.031950489846131,-0.707177695949342,0.185042638400356
8.99449922058705,0.190451073097745,-0.295866283282378,-1.41334889786615,0.236194117052582,-0.063614367555297,0.0320215126261229,-0.706491282413165,0.186227883979097
9.05687740761275,0.188304224015807,-0.2955961010156,-1.41321384453971,0.238881003511476,-0.0634308503596796,0.0320917989694064,-0.705796755700642,0.187416622638855
9.11968819662343,0.186160075769162,-0.295309731402943,-1.413059570982,0.241587782933886,-0.063246900898651,0.0321613486835369,-0.705094052551366,0.18860882767818
9.18293458777804,0.184018852707636,-0.295007207030256,-1.41288576452363,0.244314371969523,-0.0630625282214317,0.0322301617459108,-0.704383109285263,0.189804471527136
9.2466196020421,0.181880778571194,-0.294688564283706,-1.41269211207385,0.247060682457453,-0.0628777413096223,0.0322982383015798,-0.703663861809099,0.191003525728966
9.31074628133199,0.179746076408875,-0.294353843333981,-1.41247830019406,0.249826621398114,-0.0626925490727353,0.0323655786609289,-0.702936245623414,0.192205960921623
9.3753176886602,0.177614968498254,-0.294003088118429,-1.41224401517189,0.252612090926475,-0.0625069603437915,0.0324321832972184,-0.702200195829902,0.193411746819185
9.44033690828169,0.175487676265501,-0.293636346321169,-1.4119889430958,0.255416988286367,-0.0623209838749853,0.0324980528439924,-0.701455647139235,0.194620852193155
9.50580704584117,0.173364420206095,-0.293253669351179,-1.41171276993027,0.258241205805964,-0.0621346283334247,0.0325631880923559,-0.700702533879338,0.195833244853655
9.57173122852146,0.171245419806243,-0.292855112318406,-1.41141518159144,0.261084630874433,-0.061947902296948,0.0326275899881217,-0.699940790004141,0.197048891630528
9.63811260519287,0.169130893465084,-0.292440734007903,-1.41109586402322,0.263947145919738,-0.0617608142500234,0.0326912596288313,-0.699170349102797,0.198267758354339
9.70495434656358,0.167021058417707,-0.292010596852043,-1.41075450327389,0.266828628387617,-0.0615733725797355,0.0327541982606496,-0.69839114440938,0.199489809837315
9.7722596453311,0.164916130659067,-0.291564766900823,-1.41039078557319,0.269728950721703,-0.0613855855718607,0.0328164072751389,-0.697603108813088,0.200715009854199
9.84003171633479,0.162816324868829,-0.291103313790304,-1.41000439740973,0.27264798034482,-0.061197461407039,0.0328778882059124,-0.696806174868927,0.201943321123053
9.90827379670937,0.160721854337218,-0.290626310709217,-1.40959502560891,0.275585579641425,-0.0610090081570425,0.0329386427251714,-0.69600027480892,0.203174705286007
9.97698914603959,0.158632930891902,-0.290133834363764,-1.40916235741112,0.278541605941208,-0.0608202337811469,0.0329986726401298,-0.69518534055382,0.204409122889971
10.0461810465159,0.156549764825981,-0.289625964940667,-1.40870608055046,0.28151591150385,-0.0606311461226089,0.0330579798893266,-0.694361303725355,0.205646533367319
10.1158528030912,0.154472564827116,-0.28910278606849,-1.40822588333366,0.28450834350492,-0.0604417529052527,0.0331165665388326,-0.693528095658999,0.20688689501655
10.1860077436388,0.152401537907848,-0.288564384777283,-1.40772145471947,0.287518744022924,-0.0602520617301699,0.0331744347783528,-0.69268564741729,0.208130164982948
10.2566492191112,0.150336889337164,-0.288010851456593,-1.40719248439828,0.290546950027497,-0.0600620800725351,0.033231586917228,-0.691833889803688,0.209376299239248
10.3277806037004,0.148278822573338,-0.287442279811872,-1.40663866287211,0.293592793368733,-0.0598718152785421,0.0332880253803408,-0.690972753376992,0.210625252566316
10.3994052949988,0.146227539198098,-0.286858766819347,-1.40605968153491,0.296656100767647,-0.0596812745624614,0.0333437527039276,-0.690102168466322,0.211876978533864
10.4715267141616,0.144183238852159,-0.286260412679385,-1.40545523275309,0.299736693807772,-0.0594904650038253,0.0333987715313019,-0.689222065186659,0.213131429481204
10.5441483060703,0.142146119172164,-0.285647320768402,-1.4048250099464,0.302834388927886,-0.0592993935447399,0.0334530846084921,-0.688332373454974,0.214388556498066
10.6172735394972,0.140116375729057,-0.28501959758937,-1.40416870766898,0.305948997415853,-0.0591080669873293,0.0335066947797985,-0.687433023006931,0.215648309405477
10.6909059072708,0.138094201967944,-0.284377352720972,-1.40348602169082,0.309080325403598,-0.0589164919913139,0.0335596049832725,-0.686523943414178,0.216910636736732
10.7650489264432,0.136079789149448,-0.283720698765442,-1.40277664907929,0.312228173863187,-0.058724675071725,0.0336118182461236,-0.685605064102241,0.218175485718462
10.8397061384575,0.134073326292619,-0.283049751295166,-1.40204028828103,0.315392338604026,-0.0585326225967576,0.0336633376800566,-0.684676314369005,0.219442802251813
10.9148811093176,0.132075000119404,-0.282364628798075,-1.40127663920407,0.318572610271169,-0.0583403407857657,0.0337141664765456,-0.683737623403814,0.220712530893758
10.9905774297578,0.130084995000714,-0.281665452621891,-1.40048540330006,0.321768774344735,-0.0581478357073988,0.0337643079020471,-0.682788920307173,0.221984614838547
11.0667987154147,0.128103492904115,-0.280952346917282,-1.39966628364691,0.324980611140426,-0.0579551132778847,0.0338137652931581,-0.681830134111066,0.223258995899325
11.1435486070002,0.126130673343164,-0.280225438579976,-1.39881898503145,0.328207895811157,-0.0577621792594585,0.033862542051723,-0.680861193799902,0.224535614489918
11.2208307704748,0.124166713328405,-0.279484857191896,-1.39794321403243,0.331450398349774,-0.0575690392589401,0.0339106416398941,-0.679882028332074,0.225814409606816
11.2986488972231,0.122211787320055,-0.278730734961352,-1.39703867910367,0.334707883592891,-0.0573756987264609,0.0339580675751498,-0.678892566662157,0.227095318811365
11.3770067042298,0.120266067182391,-0.277963206662378,-1.39610509065744,0.337980111225806,-0.0571821629543425,0.0340048234252768,-0.677892737763727,0.228378278212179
11.4559079342577,0.118329722139849,-0.277182409573231,-1.395142161148,0.341266835788536,-0.0569884370761266,0.0340509128033184,-0.676882470652825,0.229663222447809
11.535356356026,0.116402918734857,-0.27638848341414,-1.39414960515537,0.344567806682944,-0.0567945260657591,0.0340963393624964,-0.675861694412052,0.230950084669656
11.6153557643908,0.114485820787408,-0.275581570284343,-1.39312713946929,0.347882768180969,-0.0566004347369272,0.0341411067911085,-0.674830338215303,0.232238796525177
11.6959099805258,0.11257858935638,-0.274761814598471,-1.39207448317337,0.351211459433963,-0.0564061677425525,0.034185218807409,-0.673788331353145,0.233529288141383
11.7770228521052,0.110681382702613,-0.273929363022334,-1.39099135772939,0.354553614483134,-0.0562117295744378,0.0342286791544752,-0.672735603258841,0.234821488108655
11.8586982534876,0.108794356253747,-0.273084364408171,-1.38987748706189,0.357908962271103,-0.0560171245630714,0.0342714915950648,-0.671672083535008,0.236115323464891
11.9409400859005,0.106917662570828,-0.272226969729412,-1.38873259764284,0.361277226654575,-0.0558223568775855,0.0343136599064704,-0.670597701980931,0.237410719680013
12.0237522776272,0.105051451316677,-0.271357332015001,-1.38755641857656,0.364658126418132,-0.0556274305258717,0.0343551878753744,-0.66951238862051,0.238707600640846
12.1071387841942,0.10319586922602,-0.270475606283351,-1.38634868168483,0.368051375289156,-0.0554323493548524,0.0343960792927091,-0.668416073730862,0.240005888636391
12.1911035885602,0.101351060077389,-0.269581949475971,-1.38510912159219,0.371456681953884,-0.0552371170509069,0.0344363379485286,-0.667308687871554,0.241305504343508
12.2756507013062,0.099517164666776,-0.268676520390822,-1.38383747581138,0.374873750074607,-0.055041737140454,0.0344759676268943,-0.666190161914489,0.242606366813037
12.3607841608273,0.097694320783039,-0.267759479615453,-1.38253348482903,0.378302278308028,-0.0548462129906884,0.0345149721007821,-0.665060427074422,0.243908393456375
12.4465080335254,0.0958826631850543,-0.266830989459976,-1.38119689219154,0.381741960324773,-0.0546505478104721,0.0345533551270128,-0.663919414940117,0.245211500032522
12.5328264140034,0.0940823235806025,-0.265891213889923,-1.3798274445911,0.385192484830082,-0.054454744651378,0.0345911204412129,-0.662767057506136,0.246515600635627
12.6197434252612,0.0922934306069798,-0.264940318459033,-1.37842489195194,0.388653535585689,-0.0542588064088869,0.034628271752809,-0.661603287205258,0.247820607683052
12.7072632188919,0.0905161098133187,-0.263978470242036,-1.37698898751677,0.392124791432894,-0.0540627358237351,0.0346648127400609,-0.660428036941524,0.249126431903974
12.7953899752808,0.0887504836446067,-0.263005837767454,-1.37551948793337,0.395605926316856,-0.0538665354834121,0.034700747045138,-0.659241240123902,0.250432982328542
12.8841279038047,0.0869966714273862,-0.262022590950497,-1.37401615334144,0.399096609312111,-0.0536702078238071,0.0347360782692435,-0.658042830700565,0.251740166277625
12.9734812430331,0.0852547893571173,-0.261028901026082,-1.37247874745956,0.40259650464934,-0.0534737551310021,0.0347708099677907,-0.656832743193778,0.253047889353153
13.0634542609305,0.0835249504871879,-0.260024940482017,-1.37090703767239,0.406105271743391,-0.0532771795432116,0.0348049456456357,-0.655610912735392,0.254356055429092
13.1540512550606,0.081807264719548,-0.259010882992413,-1.36930079511803,0.409622565222599,-0.0530804830528641,0.0348384887523719,-0.654377275102919,0.255664566643062
13.2452765527909,0.0801018387969484,-0.257986903351354,-1.36765979477552,0.413148034959386,-0.0528836675088275,0.0348714426776887,-0.65313176675621,0.256973323388624
13.3371345115004,0.0784087762967618,-0.256953177406865,-1.36598381555263,0.416681326102202,-0.0526867346187725,0.0349038107468007,-0.651874324874696,0.258282224308265
13.4296295187868,0.0767281776263633,-0.255909881995228,-1.36427264037367,0.420222079108797,-0.0524896859516748,0.0349355962159501,-0.650604887395204,0.259591166287084
13.5227659926764,0.0750601400200431,-0.254857194875682,-1.36252605626761,0.423769929780859,-0.0522925229404517,0.0349668022679864,-0.649323393050323,0.260900044447231
13.6165483818355,0.0734047575374281,-0.253795294665544,-1.36074385445624,0.42732450930005,-0.0520952468847322,0.0349974320080293,-0.648029781407327,0.262208752143088
13.7109811657822,0.0717621210633855,-0.252724360775786,-1.35892583044253,0.430885444265443,-0.0518978589537575,0.0350274884592156,-0.646723992907619,0.263517180957249
13.806068855101,0.0701323183093793,-0.251644573347111,-1.3570717840992,0.434452356732404,-0.0517003601894089,0.0350569745585371,-0.645405968906708,0.264825220697283
13.9018159916578,0.0685154338162531,-0.250556113186558,-1.35518151975727,0.438024864252942,-0.0515027515093611,0.0350858931527708,-0.644075651714686,0.266132759393344
13.998227148817,0.0669115489584088,-0.249459161704669,-1.35325484629488,0.441602579917537,-0.0513050337103577,0.0351142469945068,-0.642732984637204,0.267439683296607
14.0953069316601,0.0653207419493516,-0.24835390085325,-1.35129157722614,0.445185112398501,-0.051107207471606,0.0351420387382763,-0.641377912016924,0.268745876878597
14.1930599772055,0.0637430878485705,-0.247240513063757,-1.34929153079011,0.44877206599488,-0.0509092733582875,0.0351692709367841,-0.640010379275438,0.270051222831389
14.2914909546299,0.0621786585697226,-0.24611918118634,-1.34725453003984,0.452363040678925,-0.0507112318251829,0.0351959460372487,-0.638630332955634,0.271355602068736
14.3906045654914,0.0606275228900913,-0.24499008842956,-1.34518040293149,0.455957632144186,-0.0505130832204051,0.0352220663778523,-0.637237720764486,0.272658893728127
14.4904055439544,0.0590897464612824,-0.243853418300823,-1.34306898241351,0.459555431855225,-0.0503148277892406,0.0352476341843062,-0.635832491616264,0.273960975173803
14.5908986570152,0.0575653918211301,-0.242709354547544,-1.34092010651583,0.463156027099001,-0.0501164656780928,0.0352726515665318,-0.634414595676133,0.275261722000754
14.6920887047298,0.0560545184067742,-0.241558081099066,-1.33873361843906,0.46675900103796,-0.0499179969385256,0.0352971205154635,-0.632983984404124,0.276561008039712
14.7939805204436,0.054557182568881,-0.240399782009358,-1.3365093666437,0.470363932764841,-0.0497194215314028,0.0353210428999728,-0.631540610599462,0.277858705363167
14.8965789710218,0.0530734375869684,-0.239234641400514,-1.33424720493929,0.473970397359255,-0.0495207393311201,0.0353444204639195,-0.630084428445218,0.279154684292422
14.999888957082,0.0516033336858059,-0.238062843407071,-1.3319469925735,0.477577965946049,-0.0493219501299261,0.0353672548233307,-0.62861539355328,0.280448813405716
15.1039154132284,0.0501469180528521,-0.236884572121158,-1.32960859432116,0.481186205755503,-0.0491230536423272,0.0353895474637115,-0.627133463009599,0.281740959547416
15.2086633082875,0.0487042348566976,-0.23570001153851,-1.32723188057309,0.484794680185371,-0.0489240495095753,0.0354112997374884,-0.625638595419708,0.283030987838324
15.3141376455451,0.0472753252664779,-0.234509345505338,-1.3248167274249,0.488402948864832,-0.0487249373042306,0.0354325128615893,-0.624130750954468,0.284318761687091
15.4203434629857,0.0458602274722221,-0.23331275766609,-1.32236301676549,0.492010567720344,-0.0485257165347992,0.0354531879151613,-0.622609891396034,0.285604142802779
15.5272858335329,0.0444589767061037,-0.232110431412104,-1.3198706363654,0.495617089043463,-0.0483263866504388,0.035473325837429,-0.621075980183998,0.286886991208572
15.6349698652918,0.0430716052645588,-0.230902549831172,-1.31733947996487,0.499222061560645,-0.0481269470457298,0.0354929274256943,-0.619528982461699,0.28816716525667
15.7434007017931,0.0416981425312384,-0.229689295658013,-1.31476944736164,0.502825030505065,-0.0479273970655072,0.0355119933334811,-0.617968865122654,0.289444521644363
15.8525835222385,0.0403386150007599,-0.228470851225682,-1.31216044449835,0.506425537690485,-0.0477277360097484,0.0355305240688258,-0.616395596857097,0.290718915431321
15.9625235417481,0.0389930463032254,-0.227247398417904,-1.30951238354964,0.510023121587199,-0.0475279631385148,0.0355485199927148,-0.614809148198583,0.291990200058107
16.07322601161,0.0376614572294725,-0.226019118622356,-1.30682518300875,0.513617317400093,-0.0473280776769395,0.0355659813176717,-0.613209491570632,0.293258227365923
16.1846962195303,0.0363438657570262,-0.224786192684888,-1.3040987677737,0.517207657148832,-0.0471280788202603,0.0355829081064942,-0.611596601333389,0.294522847617614
16.2969394898867,0.0350402870767166,-0.223548800864697,-1.30133306923293,0.520793669750219,-0.0469279657388914,0.0355993002711436,-0.609970453830254,0.295783909519941
16.4099611839816,0.0337507336199333,-0.222307122790455,-1.29852802535032,0.524374881102752,-0.0467277375835294,0.0356151575717864,-0.608331027434454,0.297041260247126
16.5237667002994,0.0324752150864817,-0.221061337417392,-1.29568358074969,0.527950814173391,-0.0465273934902909,0.0356304796159907,-0.60667830259553,0.298294745465697
16.6383614747635,0.0312137384730133,-0.219811622985333,-1.29279968679852,0.531520989086575,-0.0463269325858748,0.0356452658580761,-0.605012261885698,0.299544209360635
16.7537509809962,0.0299663081019947,-0.218558156977693,-1.28987630169093,0.535084923215505,-0.0461263539927471,0.0356595155986208,-0.603332890046044,0.30078949466283
16.8699407305804,0.0287329256511898,-0.217301116081431,-1.28691339052996,0.538642131275721,-0.0459256568343421,0.0356732279841236,-0.601640174032527,0.302030442677869
16.9869362733223,0.027513590183621,-0.21604067614795,-1.28391092540887,0.542192125420989,-0.0457248402402759,0.0356864020068238,-0.599934103061753,0.303266893316149
17.1047431975172,0.0263082981779841,-0.214777012154952,-1.28086888549158,0.545734415341518,-0.0455239033515678,0.0356990365046772,-0.598214668656466,0.304498685124339
17.2233671302159,0.0251170435594851,-0.213510298169248,-1.2777872570921,0.549268508364527,-0.0453228453258653,0.0357111301614907,-0.596481864690743,0.305725655318174
17.3428137374936,0.0239398177310726,-0.212240707310496,-1.2746660337529,0.552793909557179,-0.0451216653426675,0.0357226815072137,-0.594735687434833,0.306947639816622
17.4630887247206,0.0227766096050385,-0.210968411715889,-1.27150521632217,0.556310121831896,-0.0449203626085421,0.0357336889183875,-0.592976135599613,0.308164473277389
17.5841978368348,0.0216274056349596,-0.20969358250577,-1.26830481302987,0.559816646054055,-0.044718936362333,0.0357441506187522,-0.591203210380613,0.309375989133796
17.7061468586161,0.0204921898479542,-0.208416389750176,-1.26506483956248,0.563312981152099,-0.0445173858803516,0.0357540646800107,-0.589416915501577,0.310582019633018
17.8289416149627,0.019370943877229,-0.207137002436294,-1.26178531913646,0.566798624230049,-0.0443157104815495,0.0357634290227502,-0.587617257257514,0.311782395875677
17.9525879711692,0.0182636469948914,-0.205855588436835,-1.25846628257025,0.570273070682431,-0.0441139095326662,0.0357722414175195,-0.585804244557197,0.312976947856815
18.0770918332073,0.0171702761450021,-0.204572314479301,-1.25510776835478,0.573735814311625,-0.0439119824533479,0.0357804994860622,-0.583977888965072,0.314165504508215
18.2024591480069,0.0160908059768478,-0.203287346116157,-1.25170982272237,0.577186347447626,-0.0437099287212338,0.0357882007027056,-0.582138204742527,0.315347893742092
18.3286959037413,0.0150252088784082,-0.202000847695872,-1.24827249971405,0.580624161070229,-0.0435077478770035,0.0357953423959031,-0.58028520888849,0.316523942496128
18.4558081301122,0.0139734550099974,-0.200712982334845,-1.24479586124505,0.584048744933621,-0.0433054395293824,0.0358019217499297,-0.578418921179301,0.317693476779876
18.5838018986386,0.0129355123380595,-0.199423911890185,-1.24127997716851,0.587459587693372,-0.0431030033601,0.0358079358067307,-0.57653936420782,0.318856321722484
18.7126833229461,0.0119113466690954,-0.198133796933349,-1.2377249253373,0.590856177035834,-0.042900439128797,0.0358133814679193,-0.574646563421725,0.320012301621777
18.8424585590593,0.0109009216837054,-0.196842796724619,-1.23413079166378,0.594237999809908,-0.0426977466778764,0.0358182554969253,-0.572740547160963,0.321161239994651
18.9731338056957,0.0099041989707248,-0.195551069188403,-1.23049767017753,0.597604542161173,-0.0424949259372943,0.0358225545212909,-0.570821346694296,0.322302959628785
19.1047153045619,0.0089211380614376,-0.194258770889362,-1.22682566308093,0.600955289668377,-0.0422919769292857,0.0358262750351124,-0.56888899625491,0.32343728263566
19.2372093406515,0.00795169646384945,-0.192966057009331,-1.22311488080241,0.604289727482228,-0.0420888997730226,0.035829413401627,-0.56694353307504,0.324564030504861
19.3706222425457,0.00699582969700471,-0.191673081325045,-1.21936544204744,0.607607340466493,-0.0418856946891968,0.0358319658559414,-0.564984997419561,0.325683024159657
19.5049603827152,0.00605349132532994,-0.190379996186633,-1.21557747384701,0.610907613341363,-0.0416823620045274,0.0358339285079018,-0.563013432618506,0.326794084013829
19.6402301778248,0.00512463299299153,-0.189086952496886,-1.21175111160367,0.61419003082905,-0.0414789021561847,0.0358352973451015,-0.561028885098464,0.327897030029748
19.7764380890397,0.00420920445825081,-0.187794099691276,-1.20788649913488,0.617454077801576,-0.0412753156961296,0.0358360682360244,-0.559031404412815,0.328991681777656
19.9135906223344,0.00330715362780455,-0.186501585718723,-1.20398378871371,0.62069923943073,-0.0410716032953624,0.0358362369333228,-0.557021043270759,0.330077858496154
20.0516943288031,0.00241842659109749,-0.185209557023078,-1.20004314110673,0.62392500134013,-0.0408677657480778,0.0358357990772262,-0.554997857565094,0.331155379153853
20.1907558049731,0.00154296765459494,-0.183918158525333,-1.196064725609,0.627130849759359,-0.0406638039757223,0.0358347501990778,-0.552961906398693,0.332224062512177
20.3307816931193,0.000680719376003711,-0.182627533606526,-1.19204872007618,0.630316271680113,-0.0404597190309491,0.0358330857249978,-0.550913252109653,0.333283727189288
20.4717786815819,-0.000168377401568776,-0.181337824091338,-1.18799531095342,0.633480755014317,-0.0402555121014687,0.0358308009796686,-0.548851960295055,0.334334191725094
20.6137535050858,-0.00100438351552815,-0.180049170232364,-1.1839046933013,0.636623788754138,-0.0400511845137887,0.0358278911902404,-0.546778099833307,0.335375274647329
20.756712945062,-0.0018273614497884,-0.178761710695049,-1.17977707081837,0.639744863133852,-0.0398467377368417,0.0358243514903529,-0.54469174290502,0.336406794538657
20.900663829972,-0.00263737530085802,-0.177475582543272,-1.1756126558605,0.642843469793476,-0.0396421733854962,0.0358201769242712,-0.542592965012376,0.337428570104778
21.0456130356336,-0.00343449074402505,-0.17619092122557,-1.17141166945671,0.645919101944119,-0.0394374932239478,0.0358153624511312,-0.540481844996956,0.33844042024349
21.1915674855492,-0.00421877499964898,-0.174907860561983,-1.16717434132163,0.648971254534967,-0.0392326991689863,0.0358099029492916,-0.53835846505598,0.339442164114683
21.338534151237,-0.00499029679956665,-0.173626532731512,-1.1629009098643,0.651999424421819,-0.0390277932931372,0.0358037932207894,-0.536222910756919,0.340433621211222
21.4865200525637,-0.0057491263536182,-0.17234706826018,-1.15859162219338,0.655003110537116,-0.0388227778276723,0.0357970279958945,-0.534075271050451,0.341414611430667
21.6355322580795,-0.00649533531629976,-0.17106959600968,-1.15424673411859,0.657981814061352,-0.0386176551654875,0.0357896019377599,-0.531915638281715,0.342384955147818
21.7855778853565,-0.00722899675354846,-0.169794243166594,-1.14986651014838,0.660935038595798,-0.0384124278638453,0.0357815096471639,-0.529744108199831,0.34334447328801
21.9366641013278,-0.00795018510966419,-0.16852113523218,-1.14545122348371,0.663862290336446,-0.0382070986469774,0.0357727456673392,-0.527560779965646,0.344292987401133
22.0887981226306,-0.00865897617437328,-0.167250396012715,-1.14100115600786,0.666763078249067,-0.0380016704085465,0.0357633044888873,-0.525365756157685,0.345230319736327
22.2419872159503,-0.00935544705003832,-0.165982147610372,-1.13651659827221,0.669636914245297,-0.0377961462139633,0.0357531805547705,-0.523159142776258,0.346156293317308
22.396238698368,-0.0100396761190172,-0.164716510414635,-1.13199784947804,0.672483313359642,-0.0375905293025569,0.0357423682653805,-0.520941049245705,0.347070732018261
22.5515599377096,-0.0107117430111762,-0.16345360309423,-1.12744521745397,0.675301793927298,-0.037384823089596,0.0357308619836773,-0.518711588414742,0.347973460640273
22.7079583528983,-0.0113717285715576,-0.162193542589568,-1.1228590186294,0.678091877762685,-0.0371790311681584,0.0357186560403947,-0.51647087655488,0.348864304988238
22.8654414143084,-0.0120197148282074,-0.160936444105685,-1.11823957800352,0.680853090338569,-0.0369731573108471,0.0357057447393078,-0.514219033356895,0.349743091948184
23.0240166441225,-0.0126557849601635,-0.159682421105676,-1.11358722911008,0.683584960965667,-0.0367672054713507,0.0356921223625579,-0.511956181925319,0.350609649564973
23.1836916166905,-0.0132800232656069,-0.158431585304607,-1.10890231397775,0.686287022972618,-0.0365611797858458,0.0356777831760296,-0.509682448770931,0.351463807120313
23.3444739588916,-0.0138925151301775,-0.157184046663903,-1.104185183086,0.688958813886192,-0.0363550845742411,0.0356627214347767,-0.507397963801219,0.352305395211028
23.5063713504986,-0.014493346995456,-0.15593991338619,-1.09943619531661,0.691599875611621,-0.0361489243412594,0.0356469313884907,-0.505102860308805,0.353134245827529
23.6693915245447,-0.0150826063276141,-0.154699291910605,-1.09465571790056,0.69420975461292,-0.0359427037773586,0.0356304072870076,-0.502797274957802,0.353950192432423
23.8335422676926,-0.0156603815862318,-0.15346228690854,-1.08984412636044,0.69678800209307,-0.0357364277594876,0.0356131433858487,-0.500481347768095,0.354753070039207
23.9988314206069,-0.0162267621932851,-0.152229001279833,-1.08500180444821,0.699334174173933,-0.0355301013516789,0.0355951339517889,-0.49815522209753,0.35554271529098
24.1652668783283,-0.0167818385023027,-0.150999536149389,-1.08012914407842,0.701847832075765,-0.0353237298054744,0.0355763732684491,-0.495819044621983,0.356318966539109
24.3328565906507,-0.0173257017676938,-0.149773990864221,-1.07522654525672,0.704328542296193,-0.0351173185601852,0.0355568556419072,-0.49347296531333,0.357081663921799
24.5016085625011,-0.017858444114246,-0.148552462990919,-1.07029441600375,0.706775876788512,-0.0349108732429836,0.0355365754063215,-0.491117137415275,0.357830649442488
24.6715308543219,-0.0183801585067947,-0.147335048313517,-1.06533317227434,0.709189413139167,-0.0347043996688281,0.0355155269295631,-0.488751717417048,0.358565767048013
24.8426315824557,-0.0188909387200635,-0.146121840831781,-1.06034323787204,0.711568734744278,-0.034497903840219,0.0354937046188507,-0.486376865024969,0.359286862706479
25.0149189195333,-0.0193908793086756,-0.144912932759881,-1.05532504435893,0.713913430985069,-0.0342913919467871,0.0354711029263841,-0.483992743131865,0.359993784484763
25.1884010948637,-0.019880075577337,-0.143708414525469,-1.0502790309608,0.716223097402044,-0.0340848703647131,0.0354477163549692,-0.481599517784348,0.360686382625594
25.3630863948277,-0.0203586235511906,-0.142508374769143,-1.04520564446755,0.718497335867781,-0.0338783456559786,0.0354235394636316,-0.479197358147952,0.361364509624134
25.538983163273,-0.0208266199463418,-0.141312900344293,-1.04010533912901,0.720735754758184,-0.0336718245674502,0.0353985668732115,-0.476786436470136,0.362028020304004
25.7160998019135,-0.0212841621405557,-0.140122076317332,-1.03497857654602,0.722937969122062,-0.0334653140297951,0.0353727932719366,-0.474366928041161,0.362676771892674
25.89444477073,-0.0217313481441253,-0.138935985968296,-1.02982582555692,0.725103600848861,-0.0332588211562302,0.0353462134209662,-0.471939011152839,0.363310624096164
26.0740265883745,-0.0221682765709113,-0.137754710791824,-1.02464756211938,0.727232278834435,-0.0330523532411059,0.0353188221599019,-0.469502867055177,0.363929439172985
26.2548538325773,-0.0225950466095535,-0.136578330498499,-1.01944426918768,0.729323639144678,-0.0328459177583233,0.0352906144122607,-0.46705867991093,0.364533082007243
26.4369351405564,-0.0230117579948545,-0.135406923016561,-1.0142164365854,0.731377325176891,-0.0326395223595896,0.0352615851909036,-0.464606636748066,0.365121420180855
26.6202792094301,-0.0234185109793341,-0.134240564493974,-1.00896456087366,0.733392987818717,-0.0324331748725092,0.0352317296034158,-0.462146927410175,0.365694324044801
26.8048947966327,-0.0238154063049581,-0.133079329300858,-1.00368914521479,0.73537028560452,-0.0322268832985148,0.0352010428574332,-0.459679744504835,0.366251666789344
26.9907907203326,-0.0242025451750382,-0.131923290032277,-0.998390699231725,0.737308884869037,-0.0320206558106386,0.0351695202659102,-0.45720528334996,0.366793324513158
27.1779758598533,-0.0245800292263065,-0.130772517511376,-0.993069738862909,0.739208459898172,-0.0318145007511263,0.0351371572523234,-0.454723741918155,0.367319176291298
27.3664591560979,-0.0249479605011642,-0.129627080792872,-0.987726786213012,0.741068693076797,-0.0316084266288955,0.0351039493558066,-0.45223532077911,0.367829104241939
27.556249611976,-0.0253064414201049,-0.128487047166898,-0.982362369399365,0.742889275033384,-0.0314024421168403,0.0350698922362126,-0.44974022304005,0.368322993591832
27.7473562928336,-0.0256555747543148,-0.127352482163187,-0.976977022394265,0.74466990478137,-0.0311965560489856,0.0350349816790966,-0.447238654284294,0.368800732740405
27.9397883268864,-0.0259954635984496,-0.126223449555607,-0.971571284863206,0.74641028985708,-0.0309907774174925,0.0349992136006157,-0.444730822507938,0.369262213322449
28.1335549056553,-0.0263262113435904,-0.12510001136704,-0.966145701999116,0.748110146454089,-0.030785115369517,0.0349625840523421,-0.442216938054708,0.369707330269323
28.3286652844062,-0.0266479216503801,-0.123982227874597,-0.960700824352715,0.749769199553888,-0.0305795792039271,0.0349250892259827,-0.43969721354903,0.370135981868636
28.5251287825912,-0.026960698422341,-0.122870157615184,-0.955237207659045,0.751387183052711,-0.0303741783678788,0.0348867254580028,-0.437171863827335,0.370548069822311
28.7229547842946,-0.0272646457793772,-0.121763857391399,-0.94975541266032,0.752963839884405,-0.0301689224532549,0.0348474892341482,-0.434641105867677,0.370943499303015
28.9221527386804,-0.0275598680314615,-0.120663382277769,-0.944256004925162,0.754498922139207,-0.0299638211929705,0.0348073771938624,-0.43210515871767,0.371322179008865
29.1227321604441,-0.027846469652512,-0.119568785627331,-0.938739554664355,0.755992191178317,-0.0297588844571481,0.0347663861345938,-0.429564243420833,0.371684021216371
29.324702630267,-0.0281245552544577,-0.118480119078535,-0.933206636543228,0.757443417744126,-0.0295541222491659,0.0347245130159898,-0.42701858294136,0.372028941831561
29.5280737952738,-0.0283942295614984,-0.1173974325625,-0.927657829490772,0.758852382066009,-0.0293495447015821,0.034681754963973,-0.424468402087382,0.372356860439229
29.7328553694936,-0.0286555973845603,-0.116320774310585,-0.922093716505636,0.760218873961546,-0.0291451620719413,0.0346381092746965,-0.42191392743278,0.372667700350261
29.9390571343235,-0.0289087635959499,-0.115250190862307,-0.916514884459116,0.761542692933077,-0.0289409847384644,0.0345935734183741,-0.419355387237589,0.372961388646991
30.1466889389963,-0.0291538331042114,-0.114185727073583,-0.910921923895272,0.762823648259481,-0.0287370231956276,0.0345481450429819,-0.416793011367069,0.373237856226538
30.3557607010504,-0.0293909108291884,-0.113127426125303,-0.90531542882831,0.76406155908308,-0.0285332880496341,0.0345018219778283,-0.414227031209486,0.373497037842074
30.566282406804,-0.0296201016772957,-0.112075329532237,-0.89969599653737,0.765256254491573,-0.0283297900137833,0.034454602236989,-0.411657679592678,0.373738872141991
30.7782641118319,-0.0298415105170037,-0.111029477152259,-0.894064227358867,0.766407573594902,-0.0281265399037409,0.0344064840226032,-0.409085190699459,0.373963301706918
30.9917159414457,-0.0300552421545393,-0.109989907195914,-0.888420724476523,0.767515365596979,-0.0279235486327159,0.0343574657280293,-0.406509799981933,0.37417027308455
31.2066480911777,-0.0302614013098083,-0.108956656236291,-0.882766093709255,0.768579489862175,-0.0277208272065476,0.0343075459408568,-0.403931744074775,0.374359736822254
31.4230708272674,-0.0304600925925428,-0.107929759219235,-0.87710094329706,0.769599815976507,-0.0275183867187084,0.0342567234457706,-0.401351260707558,0.374531647497422
31.6409944871527,-0.0306514204786784,-0.106909249473872,-0.871425883685062,0.770576223803448,-0.0273162383452264,0.0342049972272679,-0.398768588616183,0.374685963745523
31.8604294799627,-0.0308354892869648,-0.10589515872346,-0.865741527305885,0.771508603534291,-0.0271143933395336,0.034152366472222,-0.396183967453491,0.37482264828585
32.0813862870155,-0.0310124031558167,-0.10488751709655,-0.860048488360496,0.77239685573302,-0.0269128630272432,0.0340988305722944,-0.393597637699117,0.374941667944908
32.3038754623189,-0.0311822660204073,-0.103886353138474,-0.854347382597716,0.773240891375618,-0.0267116588008627,0.0340443891261904,-0.391009840568679,0.37504299367744
32.5279076330741,-0.0313451815900112,-0.102891693823138,-0.848638827092526,0.774040631883768,-0.0265107921144466,0.0339890419417577,-0.388420817922343,0.375126600585053
32.7534935001834,-0.0315012533256009,-0.10190356456513,-0.842923440023372,0.77479600915292,-0.0263102744781945,0.033932789037927,-0.385830812172865,0.37519246793243
32.9806438387618,-0.0316505844177022,-0.100921989232138,-0.837201840448623,0.775506965574659,-0.026110117452999,0.0338756306464914,-0.383240066193178,0.375240579161122
33.2093694986511,-0.0317932777645144,-0.0999469901576747,-0.831474648082353,0.776173454053368,-0.0259103326449497,0.033817567213725,-0.380648823223586,0.37527092190088
33.4396814049384,-0.0319294359502999,-0.0989785881541033,-0.825742483069628,0.776795438017152,-0.0257109316997976,0.0337585994018393,-0.378057326778659,0.375283487978542
33.6715905584778,-0.0320591612240487,-0.0980168025259646,-0.82000596576147,0.777372891423001,-0.0255119262973857,0.0336987280902756,-0.375465820553888,0.37527827342445
33.9051080364161,-0.0321825554784246,-0.097061651083602,-0.81426571648967,0.777905798756187,-0.0253133281460506,0.0336379543768337,-0.372874548332191,0.375255278476388
34.1402449927217,-0.0322997202289962,-0.0961131501570802,-0.80852235534163,0.778394155023883,-0.025115148977001,0.0335762795786366,-0.370283753890339,0.37521450758106
34.3770126587175,-0.032410756593761,-0.0951713146103925,-0.802776501935409,0.77883796574301,-0.0249174005386779,0.0335137052329293,-0.367693680905371,0.37515596939307
34.6154223436172,-0.0325157652729663,-0.0942361578559551,-0.797028775195147,0.779237246922311,-0.0247200945911019,0.0334502330977141,-0.365104572861095,0.375079676771443
34.8554854350656,-0.0326148465292337,-0.0933076918693825,-0.791279793127041,0.779592025038673,-0.024523242900213,0.0333858651522192,-0.362516672954728,0.374985646773663
35.0972133996824,-0.0327081001679917,-0.0923859272045408,-0.785530172596059,0.779902337007706,-0.0243268572322081,0.0333206035972045,-0.359930224003772,0.374873900647252
35.3406177836102,-0.0327956255182234,-0.0914708730088727,-0.77978052910355,0.780168230148613,-0.0241309493478817,0.033254450855102,-0.357345468353179,0.374744463818893
35.5857102130658,-0.0328775214135338,-0.0905625370389916,-0.774031476565937,0.780389762143375,-0.0239355309969742,0.0331874095699926,-0.354762647782911,0.374597365881105
35.8325023948954,-0.0329538861735429,-0.089660925676537,-0.768283627094659,0.780567000990297,-0.0237406139125338,0.0331194826074208,-0.352182003415932,0.374432640576496
36.081006117134,-0.0330248175856095,-0.0887660439442887,-0.762537590777534,0.780700024951944,-0.0235462098052973,0.0330506730540467,-0.349603775626744,0.374250325779602
36.3312332495683,-0.0330904128868921,-0.0878778955225313,-0.756793975461707,0.78078892249753,-0.0233523303580938,0.0329809842171378,-0.34702820395051,0.374050463476333
36.5831957443038,-0.0331507687467511,-0.0869964827656665,-0.751053386538368,0.780833792239807,-0.023158987220277,0.0329104196239009,-0.344455526992857,0.373833099741058
36.8369056363357,-0.0332059812494988,-0.0861218067190631,-0.745316426729369,0.780834742866519,-0.0229661920021915,0.0328389830206561,-0.341885982340419,0.373598284711334
37.0923750441235,-0.0332561458775014,-0.0852538671361434,-0.739583695875952,0.780791893066483,-0.022773956269677,0.0327666783718553,-0.339319806472197,0.373346072560335
37.3496161701702,-0.0333013574946385,-0.0843926624956941,-0.7338557907297,0.780705371450368,-0.0225822915386162,0.0326935098589445,-0.336757234671797,0.37307652146698
37.6086413016048,-0.0333417103301253,-0.0835381900194003,-0.728133304745899,0.780575316466263,-0.02239120926953,0.0326194818790754,-0.334198500940634,0.372789693583818
37.8694628107695,-0.0333772979627014,-0.0826904456895911,-0.722416827879446,0.780401876310095,-0.0222007208622255,0.0325445990436648,-0.331643837912135,0.372485655002689
38.1320931558105,-0.0334082133051922,-0.0818494242671929,-0.716706946383475,0.780185208831003,-0.0220108376505018,0.0324688661768077,-0.329093476767047,0.372164475718205
38.3965448812729,-0.0334345485894461,-0.0810151193098817,-0.711004242610822,0.779925481431748,-0.0218215708969162,0.0323922883135425,-0.326547647149878,0.371826229589081
38.6628306187004,-0.0334563953516529,-0.0801875231904265,-0.705309294818496,0.779622870964273,-0.0216329317876173,0.0323148706979755,-0.324006577086559,0.371470994297379
38.9309630872381,-0.0334738444180465,-0.0793666271152176,-0.699622676975277,0.779277563620497,-0.0214449314272472,0.0322366187812624,-0.321470492903374,0.371098851305673
39.2009550942403,-0.0334869858909968,-0.0785524211429699,-0.693944958572595,0.778889754818459,-0.0212575808339192,0.0321575382194542,-0.31893961914722,0.370709885812217
39.4728195358824,-0.033495909135494,-0.077744894203595,-0.688276704438801,0.778459649083929,-0.0210708909342728,0.0320776348712074,-0.31641417850726,0.370304186704134
39.7465693977764,-0.0335007027660292,-0.0769440341172328,-0.682618474556975,0.777987459927588,-0.020884872558611,0.0319969147953627,-0.313894391738014,0.369881846508699
40.0222177555915,-0.033501454633874,-0.0761498276134337,-0.676970823886388,0.777473409717917,-0.0206995364361237,0.0319153842483958,-0.311380477583954,0.369442961342738
40.2997777756789,-0.0334982518147631,-0.0753622603504846,-0.67133430218773,0.776917729549891,-0.0205148931902001,0.0318330496817429,-0.308872652705642,0.368987630860228
40.5792627157,-0.0334911805969818,-0.0745813169348687,-0.665709453852222,0.776320659109631,-0.0203309533338348,0.0317499177390043,-0.306371131607472,0.368515958198128
40.8606859252603,-0.0334803264698622,-0.0738069809408496,-0.660096817734729,0.775682446535133,-0.0201477272651294,0.0316659952530305,-0.303876126567054,0.368028049920501
41.1440608465467,-0.0334657741126888,-0.0730392349301729,-0.654496926990959,0.775003348273208,-0.019965225262894,0.0315812892428933,-0.301387847566292,0.367524015960989
41.4294010149697,-0.0334476073840175,-0.0722780604718744,-0.648910308918867,0.774283628932765,-0.0197834574823512,0.031495806910747,-0.298906502224198,0.367003969563703
41.7167200598098,-0.0334259093114083,-0.0715234381621857,-0.643337484804339,0.773523561134598,-0.0196024339509453,0.0314095556385815,-0.296432295731475,0.366468027222565
42.0060317048688,-0.0334007620815744,-0.0707753476445303,-0.63777896977126,0.772723425357786,-0.0194221645642604,0.0313225429848734,-0.293965430786924,0.365916308619196
42.2973497691249,-0.0333722470309479,-0.070033767629597,-0.632235272636034,0.771883509782882,-0.0192426590820479,0.0312347766811373,-0.291506107535695,0.365348936559378
42.5906881673929,-0.0333404446366647,-0.069298675915485,-0.626706895766651,0.771004110132018,-0.019063927124369,0.0311462646283827,-0.289054523509426,0.364766036908177
42.8860609109892,-0.0333054345079674,-0.0685700494079088,-0.621194334946351,0.770085529506084,-0.0188859781678516,0.0310570148934792,-0.286610873568296,0.364167738523776
43.1834821084004,-0.0332672953780285,-0.0678478641404543,-0.615698079241974,0.769128078219127,-0.018708821542065,0.030967035705435,-0.284175349845032,0.363554173190088
43.4829659659579,-0.0332261050961929,-0.0671320952948763,-0.610218610877042,0.768132073630124,-0.0185324664260149,0.0308763354515931,-0.281748141690875,0.36292547554821
43.7845267885158,-0.0331819406206403,-0.0664227172214282,-0.604756405109632,0.767097839972285,-0.018356921844759,0.0307849226737486,-0.279329435623563,0.362281783026791
44.0881789801347,-0.0331348780114666,-0.0657197034592144,-0.599311930115097,0.766025708180029,-0.0181821966661469,0.0306928060641916,-0.276919415277319,0.361623235771363
44.3939370447695,-0.0330849924241839,-0.0650230267565548,-0.593885646873664,0.764916015713804,-0.0180082995976835,0.0305999944616803,-0.274518261354885,0.360949976572721
44.701815586962,-0.0330323581036385,-0.0643326590913529,-0.588478009062968,0.7637691063829,-0.0178352391835198,0.0305064968473487,-0.27212615158162,0.360262150794404
45.0118293125388,-0.0329770483783449,-0.0636485716914584,-0.583089462955538,0.762585330166399,-0.0176630238015694,0.0304123223405523,-0.269743260661661,0.359559906299349
45.3239930293136,-0.0329191356552348,-0.0629707350550126,-0.577720447321276,0.761365043032437,-0.017491661660755,0.0303174801946573,-0.267369760236181,0.358843393375782
45.6383216477945,-0.0328586914148197,-0.0622991189707706,-0.572371393334934,0.760108606755929,-0.0173211607983824,0.0302219797927761,-0.265005818843735,0.358112764662417
45.954830181896,-0.0327957862067634,-0.0616336925383871,-0.567042724488635,0.758816388734904,-0.0171515290776462,0.0301258306434559,-0.262651601882717,0.357368175073022
46.2735337496566,-0.0327304896458643,-0.0609744241886596,-0.561734856509413,0.757488761805611,-0.0169827741852645,0.0300290423763212,-0.26030727157593,0.356609781720422
46.5944475739604,-0.0326628704084434,-0.0603212817037184,-0.556448197281811,0.756126104056555,-0.0168149036292453,0.0299316247376783,-0.257972986937262,0.355837743840012
46.9175869832646,-0.0325929962291349,-0.0596742322371538,-0.55118314677552,0.754728798641617,-0.0166479247367844,0.0298335875860829,-0.255648903740489,0.35505222271283
47.2429674123316,-0.0325209338980772,-0.0590332423340729,-0.545940096978056,0.753297233592393,-0.0164818446522938,0.0297349408878769,-0.25333517449019,0.354253381588268
47.5706044029659,-0.0324467492585011,-0.0583982779510759,-0.540719431832476,0.751831801629937,-0.0163166703355622,0.029635694712698,-0.251031948394768,0.35344138560648
47.9005136047569,-0.0323705072047088,-0.0577693044761433,-0.535521527180105,0.750332899976024,-0.0161524085600468,0.0295358592289663,-0.248739371341593,0.352616401720557
48.2327107758263,-0.0322922716804445,-0.057146286748426,-0.530346750708263,0.7488009301641,-0.0159890659112951,0.0294354446993522,-0.246457585874229,0.351778598618519
48.5672117835806,-0.0322121056776472,-0.0565291890779294,-0.525195461902975,0.747236297850074,-0.0158266487854985,0.0293344614762293,-0.244186731171767,0.350928146645201
48.904032605469,-0.0321300712355856,-0.0559179752650821,-0.520068012006616,0.74563941262307,-0.0156651633881749,0.029232919997117,-0.241926943030226,0.350065217724091
49.243189329747,-0.0320462294403674,-0.0553126086201833,-0.514964743980474,0.744010687816306,-0.0155046157329809,0.029130830780116,-0.23967835384603,0.349189985279173
49.5846981562442,-0.0319606404248204,-0.0547130519827185,-0.50988599247219,0.742350540318231,-0.0153450116406523,0.0290282044193414,-0.23744109260153,0.348302624156844
49.9285753971387,-0.0318733633687378,-0.0541192677405372,-0.50483208378803,0.740659390384065,-0.0151863567380724,0.0289250515803565,-0.235215284852566,0.347403310547965
50.2748374777359,-0.0317844564994857,-0.053531217848884,-0.499803335869941,0.73893766144786,-0.0150286564574666,0.0288213829956122,-0.233001052718037,0.34649222191009
50.6235009372529,-0.0316939770929632,-0.0529488638492763,-0.49480005827735,0.737185779935241,-0.0148719160357219,0.028717209459894,-0.230798514871475,0.34556953688995
50.974582429609,-0.0316019814749137,-0.0523721668882209,-0.489822552173642,0.735404175076933,-0.0147161405138312,0.0286125418257819,-0.22860778653459,0.344635435246231
51.3280987242209,-0.031508525022578,-0.0518010877357623,-0.48487111031726,0.733593278723224,-0.014561334736459,0.0285073909991265,-0.226428979472754,0.343690097772708
51.6840667068035,-0.0314136621666844,-0.0512355868038561,-0.479946017057373,0.731753525159466,-0.0144075033516295,0.0284017679345434,-0.224262201992426,0.342733706221791
52.0425033801768,-0.0313174463937712,-0.0506756241645612,-0.47504754833404,0.729885350922751,-0.0142546508105331,0.0282956836309314,-0.222107558940458,0.341766443228519
52.4034258650778,-0.0312199302488314,-0.050121159568043,-0.470175971682802,0.727989194619879,-0.0141027813674515,0.0281891491270162,-0.219965151705278,0.340788492235083
52.7668514009784,-0.0311211653382773,-0.0495721524603833,-0.46533154624363,0.72606549674672,-0.0139518990797977,0.0280821754969231,-0.21783507821991,0.339800037415885
53.1327973469088,-0.0310212023332148,-0.0490285620011888,-0.46051452277416,0.724114699509099,-0.0138020078082717,0.0279747738457835,-0.215717432966797,0.338801263603226
53.5012811822866,-0.0309200909730228,-0.0484903470809942,-0.455725143667127,0.722137246645301,-0.0136531112171264,0.0278669553053748,-0.213612306984408,0.33779235621363
53.8723205077517,-0.0308178800692299,-0.0479574663384538,-0.450963642971929,0.7201335832503,-0.0135052127745454,0.0277587310298012,-0.211519787875574,0.336773501174877
54.2459330460073,-0.0307146175096809,-0.0474298781773155,-0.44623024642023,0.718104155601823,-0.0133583157531277,0.0276501121912132,-0.209439959817546,0.335744884853767
54.6221366426659,-0.0306103502629872,-0.0469075407831736,-0.441525171455513,0.716049410988327,-0.0132124232304783,0.0275411099755735,-0.207372903573712,0.334706693984675
55.0009492671021,-0.0305051243832518,-0.0463904121399938,-0.436848627266512,0.713969797539012,-0.0130675380899027,0.0274317355784681,-0.205318696506951,0.333659115598922
55.3823890133107,-0.0303989850150644,-0.0458784500464083,-0.432200814824415,0.711865764055923,-0.0129236630212023,0.0273220002009674,-0.203277412594591,0.332602336955011
55.7664741007712,-0.0302919763987557,-0.0453716121317736,-0.427581926923751,0.709737759848263,-0.0127808005215691,0.0272119150455386,-0.20124912244492,0.33153654546976
56.1532228753178,-0.0301841418759068,-0.0448698558719898,-0.422992148226879,0.707586234568974,-0.0126389528965759,0.0271014913120123,-0.199233893315215,0.330461928650362
56.5426538100157,-0.030075523895103,-0.0443731386050758,-0.418431655311965,0.705411638053674,-0.0124981222612616,0.0269907401936058,-0.197231789131255,0.329378674027422
56.9347855060436,-0.0299661640179275,-0.0438814175464971,-0.413900616724364,0.703214420162027,-0.0123583105413071,0.0268796728730044,-0.195242870508271,0.328286969088984
57.3296366935823,-0.029856102925184,-0.0433946498042439,-0.409399193031305,0.700995030621608,-0.0122195194743003,0.0267683005185032,-0.193267194773298,0.327187001215588
57.7272262327089,-0.0297453804233438,-0.0429127923936545,-0.404927536879779,0.698753918874343,-0.0120817506110874,0.0266566342802114,-0.191304815988873,0.326078957616393
58.1275731142982,-0.029634035451207,-0.0424358022519831,-0.400485793057528,0.696491533925575,-0.0119450053172082,0.0265446852863213,-0.189355784978063,0.324963025266371
58.5306964609293,-0.0295221060867717,-0.0419636362527085,-0.396074098557043,0.694208324195822,-0.0118092847744115,0.0264324646394424,-0.187420149350749,0.323839390844624
58.9366155277994,-0.0294096295543025,-0.0414962512195807,-0.391692582642448,0.691904737375274,-0.01167458998225,0.0263199834130041,-0.185497953531155,0.322708240673829
59.3453497036433,-0.0292966422315919,-0.041033603940405,-0.387341366919203,0.689581220281102,-0.0115409217597497,0.0262072526477262,-0.183589238786548,0.32156976066084
59.7569185116595,-0.0291831796574046,-0.0405756511805596,-0.383020565406478,0.687238218717596,-0.0114082807471527,0.0260942833481617,-0.181694043257093,0.320424136238468
60.1713416104428,-0.0290692765390995,-0.040122349696247,-0.378730284612136,0.684876177339203,-0.0112766674077309,0.0259810864793096,-0.179812401986802,0.319271552308463
60.5886387949234,-0.0289549667604202,-0.0396736562474766,-0.374470623610198,0.682495539516492,-0.0111460820296655,0.0258676729633018,-0.17794434695554,0.318112193185695
61.0088299973121,-0.0288402833894463,-0.0392295276107772,-0.370241674120691,0.680096747205086,-0.0110165247279927,0.0257540536761642,-0.176089907112045,0.316946242543587
61.4319352880526,-0.028725258686699,-0.0387899205916395,-0.36604352059178,0.677680240817597,-0.010887995446611,0.0256402394446523,-0.174249108407915,0.31577388336077
61.8579748767801,-0.0286099241133923,-0.0383547920366869,-0.361876240284075,0.675246459098587,-0.0107604939603473,0.0255262410431635,-0.172421973832524,0.314595297869017
62.2869691132868,-0.028494310339823,-0.0379240988455743,-0.357739903357016,0.67279583900259,-0.0106340198770796,0.025412069190726,-0.170608523448818,0.313410667502425
62.7189384884933,-0.0283784472538913,-0.0374977979826148,-0.353634572957227,0.67032881557521,-0.0105085726399142,0.0252977345480651,-0.168808774429953,0.312220172847899
63.1539036354283,-0.0282623639697461,-0.037075846488134,-0.349560305308746,0.667845821837325,-0.0103841515294135,0.0251832477147486,-0.167022741096725,0.3110239935969
63.5918853302131,-0.0281460888365455,-0.0366582014895519,-0.345517149805015,0.665347288672395,-0.0102607556658714,0.0250686192264096,-0.165250434955759,0.309822308498511
64.032904493055,-0.0280296494473276,-0.0362448202121927,-0.341505149102549,0.662833644716912,-0.0101383840116363,0.02495385955205,-0.163491864738411,0.308615295313788
64.4769821892457,-0.0279130726479828,-0.0358356599898242,-0.337524339216165,0.660305316253975,-0.010017035373475,0.0248389790914225,-0.161747036440328,0.307403130771421
64.9241396301678,-0.0277963845463211,-0.0354306782749244,-0.333574749615688,0.657762727110025,-0.00989670840497881,0.0247239881724932,-0.160015953361655,0.306185990524712
65.3743981743082,-0.0276796105212279,-0.0350298326486804,-0.329656403324023,0.655206298554709,-0.00977740160900639,0.0246088970489838,-0.158298616147812,0.304964049109846
65.827779328278,-0.0275627752319007,-0.0346330808307165,-0.325769317016506,0.652636449203916,-0.0096591133401622,0.0244937158979942,-0.156595022830824,0.303737479905494
66.2843047478397,-0.0274459026271603,-0.0342403806885556,-0.321913501121436,0.650053594925942,-0.00954184180730766,0.0243784548177053,-0.154905168871162,0.302506455093713
66.7439962389419,-0.0273290159548304,-0.0338516902468145,-0.318088959921691,0.647458148750807,-0.00942558507610237,0.0242631238251619,-0.153229047200041,0.301271145622158
67.2068757587607,-0.0272121377711776,-0.0334669676961335,-0.314295691657334,0.644850520782705,-0.00931034107157313,0.0241477328541359,-0.151566648262153,0.300031721167602
67.6729654167483,-0.0270952899504076,-0.0330861714018438,-0.310533688629131,0.642231118115577,-0.00919610758070812,0.0240322917530689,-0.149917960058785,0.29878835010076
68.1422874756894,-0.0269784936942091,-0.0327092599123734,-0.306802937302867,0.639600344751797,-0.00908288225507395,0.0239168102830951,-0.14828296819129,0.297541199452406
68.6148643527643,-0.0268617695413407,-0.0323361919673931,-0.303103418414396,0.636958601523958,-0.00897066261345318,0.0238012981161426,-0.14666165590487,0.296290434880782
69.0907186206199,-0.0267451373772544,-0.0319669265057072,-0.299435107075324,0.63430628601973,-0.00885944604450001,0.0236857648331146,-0.145054004132642,0.295036220640295
69.5698730084476,-0.0266286164437499,-0.031601422672887,-0.295797972879239,0.631643792509784,-0.0087492298094118,0.0235702199221482,-0.143459991539935,0.293778719551487
70.0523504030693,-0.026512225348653,-0.0312396398286537,-0.29219198000842,0.62897151187875,-0.00864001104461425,0.0234546727769513,-0.141879594568805,0.292518092972268
70.5381738500302,-0.0263959820755145,-0.030881537554011,-0.288617087340918,0.62628983155919,-0.00853178676445799,0.0233391326952176,-0.140312787482713,0.291254500770414
71.0273665547,-0.0262799039933221,-0.0305270756581296,-0.285073248557958,0.623599135468557,-0.00842455386392455,0.0232236088771171,-0.13875954241135,0.289988101297308
71.5199518833807,-0.0261640078662209,-0.0301762141849882,-0.281560412251557,0.620899803949114,-0.00831830912133938,0.0231081104238634,-0.137219829395559,0.288719051362913
72.0159533644237,-0.0260483098632375,-0.029828913419772,-0.278078522032302,0.61819221371078,-0.00821304920109014,0.0229926463363563,-0.135693616432335,0.28744750621197
72.5153946893524,-0.025932825568002,-0.0294851338950333,-0.274627516637203,0.615476737776879,-0.00810877065634818,0.0228772255138985,-0.134180869519869,0.286173619501408
73.0182997139948,-0.0258175699884631,-0.0291448363966154,-0.27120733003755,0.612753745432744,-0.00800546993179111,0.0227618567529865,-0.132681552702601,0.284897543278944
73.5246924596224,-0.025702557566593,-0.0288079819693446,-0.267817891546711,0.610023602177165,-0.00790314336632478,0.022646548746174,-0.131195628116254,0.283619427962868
74.0345971140979,-0.0255878021880743,-0.0284745319224926,-0.264459125927786,0.607286669676615,-0.00780178719580271,0.0225313100810071,-0.129723056032824,0.282339422322995
74.5480380330304,-0.0254733171919681,-0.0281444478350124,-0.261130953501073,0.604543305722238,-0.0077013975557412,0.0224161492390306,-0.128263794905497,0.281057673462763
75.0650397409388,-0.0253591153803562,-0.0278176915605523,-0.25783329025126,0.60179386418956,-0.00760197048402841,0.0223010745948643,-0.126817801413457,0.27977432680247
75.585626932423,-0.0252452090279547,-0.0274942252322499,-0.254566047934292,0.599038695000863,-0.00750350192362564,0.0221860944153485,-0.125385030506575,0.278489526063625
76.1098244733437,-0.0251316098916941,-0.0271740112673097,-0.251329134183857,0.596278144090204,-0.00740598772525939,0.0220712168587564,-0.123965435449937,0.277203413254403
76.6376574020103,-0.0250183292202631,-0.0268570123713698,-0.248122452617413,0.593512553371024,-0.00730942365010226,0.0219564499740744,-0.122558967868199,0.275916128656179
77.1691509303763,-0.024905377763611,-0.0265431915426582,-0.244945902941723,0.590742260706303,-0.00721380537244158,0.0218418017003474,-0.121165577789734,0.274627810811126
77.7043304452438,-0.024792765782406,-0.026232512075945,-0.241799381057828,0.58796759988122,-0.00711912848233401,0.0217272798660891,-0.119785213690564,0.273338596510865
78.2432215094763,-0.0246805030574459,-0.0259249375662926,-0.23868277916541,0.585188900578277,-0.00702538848824476,0.0216128921887548,-0.118417822538032,0.272048620786136
78.7858498632195,-0.0245685988990173,-0.0256204319126079,-0.235595985866495,0.58240648835483,-0.00693258081967013,0.0214986462742776,-0.117063349834218,0.270758016897477
79.3322414251308,-0.0244570621562012,-0.0253189593210008,-0.232538886268445,0.579620684622989,-0.00684070082974202,0.0213845496166642,-0.115721739659057,0.269466916326898
79.8824222936175,-0.02434590122612,-0.0250204843079519,-0.229511362086198,0.576831806631838,-0.00674974379781312,0.0212706095976518,-0.114392934713157,0.268175448770513
80.436418748083,-0.0242351240631262,-0.0247249717032936,-0.226513291743703,0.574040167451923,-0.00665970493202159,0.0211568334864224,-0.113076876360279,0.266883742132134
80.9942572501823,-0.0241247381879261,-0.0244323866530085,-0.223544550474513,0.571246075961968,-0.00657057937183415,0.0210432284393749,-0.111773504669485,0.265591922517782
81.555964445086,-0.0240147506966394,-0.0241426946218487,-0.220605010421495,0.568449836837763,-0.00648236219056632,0.0209298014999529,-0.110482758456915,0.264300114231111
82.121567162753,-0.02390516826979,-0.0238558613957792,-0.217694540735615,0.565651750543169,-0.00639504839787892,0.0208165595985277,-0.109204575327187,0.263008439769723
82.6910924192116,-0.0237959971812265,-0.0235718530842505,-0.214813007673766,0.562852113323217,-0.00630863294224972,0.0207035095523336,-0.107938891714404,0.261717019822343
83.2645674178507,-0.02368724330697,-0.0232906361223033,-0.211960274695595,0.560051217199211,-0.00622311071341934,0.0205906580654567,-0.106685642922754,0.26042597326685
83.8420195507184,-0.0235789121339875,-0.0230121772725087,-0.209136202559306,0.557249349965824,-0.00613847654481044,0.0204780117288734,-0.105444763166687,0.259135417169121
84.423476399831,-0.023471008768888,-0.0227364436267488,-0.206340649416398,0.554446795190112,-0.00605472521591945,0.0203655770205392,-0.104216185610648,0.257845466782692
85.0089657384898,-0.02336353794654,-0.0224634026078405,-0.20357347090532,0.551643832212406,-0.00597185145467988,0.0202533603055247,-0.102999842408376,0.256556235549197
85.5985155326084,-0.0232565040386097,-0.0221930219710071,-0.200834520243998,0.54884073614903,-0.00588984993979664,0.0201413678361996,-0.10179566474173,0.255267835099572
86.1921539420481,-0.0231499110620156,-0.0219252698052,-0.198123648321225,0.546037777896794,-0.00580871530305042,0.0200296057524618,-0.10060358285905,0.253980375255999
86.7899093219629,-0.0230437626873011,-0.021660114534276,-0.195440703786877,0.543235224139218,-0.0057284421315717,0.0199180800820102,-0.0994235261130347,0.252693964034574
87.3918102241541,-0.0229380622469218,-0.0213975249180328,-0.192785533140939,0.540433337354424,-0.00564902497008356,0.0198067967406615,-0.0982554229981304,0.251408707648674
87.9978853984339,-0.0228328127434461,-0.0211374700531063,-0.190157980821315,0.537632375824664,-0.00557045832311292,0.0196957615327077,-0.097099201187416,0.250124710513009
88.6081637939989,-0.0227280168576698,-0.0208799193737333,-0.187557889290406,0.53483259364742,-0.00549273665716938,0.0195849801513149,-0.0959547875689825,0.248842075248324
89.2226745608124,-0.0226236769566412,-0.0206248426523845,-0.184985099120434,0.53203424074803,-0.00541585440289153,0.0194744581789602,-0.0948221082817957,0.24756090268675
89.8414470509972,-0.0225197951015978,-0.0203722100002693,-0.182439449077498,0.529237562893805,-0.00533980595715989,0.0193642010879072,-0.0937010887510355,0.24628129187777
90.4645108202374,-0.0224163730558121,-0.0201219918677169,-0.17992077620435,0.526442801709563,-0.00526458568517637,0.0192542142407175,-0.0925916537229071,0.24500334009478
91.0918956291901,-0.0223134122923476,-0.019874159044438,-0.177428915901863,0.523650194694556,-0.00519018792250973,0.0191445028907975,-0.0914937272989159,0.243727142842237
91.7236314449071,-0.0222109140017218,-0.0196286826596686,-0.174963702009197,0.520859975240731,-0.00511660697710666,0.0190350721829798,-0.0904072329696031,0.242452793863356
92.3597484422661,-0.0221088790994786,-0.0193855341822012,-0.172524966882645,0.518072372652273,-0.0050438371312683,0.0189259271541366,-0.0893320936477364,0.241180385148357
93.0002770054119,-0.0220073082336673,-0.0191446854203054,-0.170112541473135,0.515287612166398,-0.00497187264359185,0.0188170727338246,-0.0882682317009514,0.23991000694322
93.645247729208,-0.0219062017922284,-0.0189061085215419,-0.16772625540241,0.512505914975335,-0.00490070775087704,0.0187085137449614,-0.0872155689838419,0.238641747758951
94.2946914206979,-0.0218055599102868,-0.0186697759724725,-0.165365937037846,0.509727498249464,-0.00483033666999728,0.0186002549045293,-0.0861740268694938,0.237375694381325
94.9486391005764,-0.021705382477351,-0.0184356605982703,-0.163031413565925,0.50695257516155,-0.00476075359973536,0.018492300824308,-0.0851435262804623,0.236111931881091
95.6071220046713,-0.0216056691444188,-0.0182037355622319,-0.160722511064348,0.504181354912041,-0.00469195272258346,0.0183846560116346,-0.0841239877191892,0.234850543624623
96.2701715854358,-0.0215064193309889,-0.017973974365196,-0.158439054572788,0.501414042755387,-0.00462392820650747,0.0182773248701874,-0.0831153312978593,0.233591611284994
96.9378195134503,-0.0214076322319796,-0.0177463508448702,-0.156180868162278,0.498650840027319,-0.00455667420667553,0.018170311700796,-0.0821174767676951,0.232335214853466
97.6100976789355,-0.0213093068245526,-0.0175208391750696,-0.153947775003234,0.495891944173069,-0.00449018486715068,0.0180636207022735,-0.0811303435476889,0.231081432651362
98.2870381932754,-0.0212114418748439,-0.0172974138648708,-0.151739597432109,0.493137548776472,-0.00442445432254772,0.0179572559722716,-0.0801538507527721,0.229830341342313
98.9686733905512,-0.0211140359446014,-0.0170760497576821,-0.149556157016693,0.490387843589915,-0.00435947669965412,0.0178512215081562,-0.0791879172214227,0.228582015944864
99.6550358290861,-0.0210170873977292,-0.0168567220302348,-0.147397274620034,0.487643014565088,-0.00429524611901524,0.0177455212079036,-0.078232461542711,0.227336529845415
100.346158292999,-0.0209205944067386,-0.0166394061914974,-0.145262770463008,0.484903243884508,-0.00423175669648371,0.0176401588710152,-0.0772874020827854,0.226093954811486
101.042073793774,-0.0208245549591075,-0.0164240780815148,-0.143152464185533,0.482168709993756,-0.00416900254473317,0.0175351381994503,-0.0763526570107982,0.224854361005291
101.742815571832,-0.0207289668635466,-0.0162107138701766,-0.141066174906419,0.479439587634417,-0.0041069777747365,0.0174304627985762,-0.0754281443242759,0.223617816997596
102.448417098122,-0.0206338277561756,-0.0159992900559154,-0.139003721281882,0.476716047877652,-0.00404567649720863,0.0173261361781332,-0.0745137818739336,0.222384389781855
103.15891207572,-0.0205391351066062,-0.0157897834643388,-0.136964921562709,0.473998258158396,-0.00398509282401396,0.0172221617532158,-0.0736094873879373,0.221154144788608
103.874334441436,-0.0204448862239367,-0.0155821712467965,-0.134949593650085,0.471286382310119,-0.00392522086953891,0.0171185428452668,-0.0727151784956167,0.219927145900117
104.594718367439,-0.020351078262655,-0.0153764308788861,-0.132957555150098,0.468580580600137,-0.00386605475202935,0.0170152826830851,-0.0718307727506318,0.218703455465235
105.320098262886,-0.0202577082284531,-0.0151725401588981,-0.13098862342692,0.465881009765422,-0.00380758859489353,0.0169123844038449,-0.0709561876535964,0.21748313431449
106.050508775566,-0.020164772983953,-0.0149704772062048,-0.129042615654678,0.463187823048878,-0.00374981652797042,0.0168098510541272,-0.0700913406741626,0.21626624177537
106.785984793556,-0.020072269254344,-0.0147702204595924,-0.127119348868016,0.460501170236065,-0.00369273268876393,0.0167076855909602,-0.0692361492725695,0.215052835687793
107.526561446888,-0.0199801936329337,-0.0145717486755404,-0.125218640011379,0.457821197692313,-0.00363633122364317,0.0166058908828702,-0.0683905309206612,0.213842972419756
108.272274109224,-0.0198885425866116,-0.0143750409264503,-0.123340305986999,0.455148048400219,-0.003580606289009,0.0165044697109407,-0.0675544031223784,0.212636706883136
109.023158399549,-0.0197973124612279,-0.0141800765988242,-0.121484163701622,0.452481861997478,-0.00352555205242733,0.0164034247698794,-0.0667276834337271,0.21143409254965
109.779250183872,-0.0197064994868869,-0.0139868353913964,-0.119650030111968,0.449822774815025,-0.00347116269372921,0.0163027586690917,-0.0659102894822312,0.210235181466941
110.540585576935,-0.0196160997831567,-0.0137952973132191,-0.117837722268953,0.44717091991546,-0.00341743240607831,0.0162024739337612,-0.0651021389858723,0.209040024274792
111.307200943943,-0.0195261093641955,-0.0136054426817055,-0.116047057360665,0.44452642713172,-0.00336435539700596,0.0161025730059348,-0.0643031497715227,0.207848670221452
112.079132902301,-0.0194365241437958,-0.0134172521206291,-0.114277852754129,0.441889423105977,-0.00331192588941409,0.0160030582456129,-0.0635132397928772,0.206661167180058
112.856418323356,-0.0193473399403473,-0.0132307065580844,-0.112529926035857,0.439260031328727,-0.00326013812254652,0.0159039319318437,-0.062732327147889,0.205477561665154
113.639094334169,-0.019258552481719,-0.0130457872244078,-0.110803095051205,0.436638372178055,-0.00320898635292894,0.0158051962638201,-0.0619603300957153,0.204297898849277
114.427198319278,-0.0191701574100621,-0.0128624756500617,-0.109097177942553,0.434024562959032,-0.00315846485527786,0.0157068533619796,-0.0611971670731785,0.203122222579619
115.220767922492,-0.0190821502865338,-0.0126807536634826,-0.107411993186316,0.43141871794324,-0.00310856792337905,0.0156089052691062,-0.0604427567107496,0.201950575394745
116.019841048683,-0.0189945265959441,-0.0125006033888956,-0.105747359628803,0.428820948408379,-0.00305928987093581,0.0155113539514333,-0.0596970178480588,0.200782998541354
116.824455865599,-0.018907281751325,-0.0123220072440953,-0.104103096520941,0.42623136267795,-0.00301062503238741,0.015414201299747,-0.0589598695489405,0.199619531991083
117.634650805689,-0.0188204110984244,-0.0121449479381954,-0.102479023551884,0.423650066160982,-0.00296256776369826,0.0153174491304896,-0.0582312311160184,0.198460214457337
118.450464567934,-0.0187339099201249,-0.0119694084693481,-0.100874960881503,0.421077161391776,-0.00291511244311805,0.0152210991868629,-0.0575110221048379,0.197305083412138
119.271936119701,-0.0186477734407886,-0.0117953721224346,-0.0992907291718016,0.418512748069656,-0.00286825347191342,0.0151251531399295,-0.0567991623375509,0.196154175102983
120.099104698599,-0.0185619968305291,-0.0116228224667271,-0.0977261496172502,0.415956923098698,-0.00282198527507155,0.0150296125897129,-0.0560955719161611,0.195007524569713
120.932009814357,-0.0184765752094111,-0.0114517433535244,-0.0961810439740623,0.413409780627419,-0.00277630230197599,0.0149344790662953,-0.0554001712353353,0.193865165661361
121.77069125071,-0.018391503651579,-0.0112821189137621,-0.0946552345884339,0.4108714120884,-0.00273119902705543,0.0148397540309123,-0.0547128809947883,0.192727131052999
122.615189067297,-0.0183067771893153,-0.0111139335555973,-0.0931485444237559,0.408341906237839,-0.00268666995040555,0.0147454388770446,-0.054033622211247,0.191593452262563
123.46554360158,-0.0182223908170296,-0.0109471719619699,-0.0916607970868191,0.405821349194994,-0.00264270959838461,0.0146515349315059,-0.0533623162300016,0.190464159667636
124.321795470765,-0.0181383394951794,-0.0107818190881415,-0.0901918168530288,0.403309824481523,-0.00259931252418315,0.0145580434555265,-0.0526988847360502,0.189339282522215
125.183985573745,-0.0180546181541225,-0.0106178601592117,-0.0887414286906441,0.400807413060679,-0.00255647330836821,0.0144649656458316,-0.0520432497648435,0.188218848973416
126.052155093052,-0.0179712216979044,-0.0104552806676134,-0.0873094582840613,0.39831419337636,-0.00251418655940268,0.0143723026357159,-0.0513953337126365,0.187102886078148
126.926345496825,-0.0178881450079782,-0.0102940663705881,-0.0858957320561552,0.395830241391994,-0.00247244691413999,0.014280055496111,-0.0507550593464543,0.185991419819713
127.806598540793,-0.0178053829468605,-0.0101342032876412,-0.0845000771896995,0.393355630629243,-0.00243124903829486,0.0141882252366478,-0.0501223498136792,0.184884475124363
128.692956270265,-0.0177229303617232,-0.00997567769797867,-0.0831223216478781,0.390890432206505,-0.00239058762689038,0.0140968128067125,-0.0494971286512645,0.183782075877776
129.585461022141,-0.0176407820879219,-0.00981847613792526,-0.0817622941939106,0.388434714877214,-0.00235045740468198,0.0140058190964954,-0.048879319794584,0.182684244941467
130.484155426934,-0.0175589329524615,-0.00966258539832538,-0.0804198244098029,0.385988545067907,-0.00231085312655869,0.0139152449380331,-0.0482688475859218,0.181591004169116
131.389082410804,-0.0174773777774005,-0.00950799252192678,-0.0790947427142453,0.383551986916063,-0.00227176957792224,0.0138250911062431,-0.0476656367826118,0.180502374422816
132.300285197614,-0.0173961113831948,-0.00935468480074774,-0.077786880379672,0.381125102307686,-0.0022332015750443,0.0137353583199503,-0.0470696125648309,0.179418375589235
133.217807310988,-0.01731512859198,-0.00920264977342869,-0.0764960695484998,0.378707950914625,-0.00219514396540254,0.0136460472429061,-0.046480700543055,0.17833902659568
134.141692576393,-0.0172344242307956,-0.00905187522256786,-0.0752221432485644,0.376300590231628,-0.00215759162799577,0.0135571584847989,-0.0458988267651833,0.177264345426069
135.071985123233,-0.0171539931347499,-0.00890234917204248,-0.0739649354077694,0.373903075613103,-0.00212053947363875,0.0134686926022553,-0.0453239177233381,0.176194349136796
136.008729386957,-0.0170738301501264,-0.00875405988431519,-0.0727242808679666,0.371515460309591,-0.00208398244523706,0.0133806500998334,-0.0447559003603471,0.175129053872501
136.951970111177,-0.0169939301374337,-0.00860699585772632,-0.0715000153980836,0.369137795503931,-0.0020479155180425,0.0132930314310062,-0.0441947020759134,0.174068474881722
137.901752349813,-0.0169142879743975,-0.00846114582377256,-0.0702919757065162,0.366770130347111,-0.00201233369988951,0.0132058369991358,-0.0436402507324823,0.173012626532434
138.858121469236,-0.0168348985588974,-0.00831649874437219,-0.0690999994528017,0.364412511993795,-0.00197723203141303,0.0131190671584382,-0.0430924746608088,0.171961522327482
139.821123150444,-0.0167557568118472,-0.00817304380911735,-0.0679239252585905,0.362064985637523,-0.00194260558624823,0.0130327222149377,-0.0425513026652344,0.170915174919885
140.790803391236,-0.0166768576800207,-0.00803077043251333,-0.0667635927179328,0.359727594545564,-0.00190844947121266,0.0129468024274113,-0.042016664028678,0.169873596128022
141.767208508414,-0.0165981961388226,-0.00788966825120581,-0.0656188424068951,0.357400380093425,-0.00187475882647107,0.0128613080083235,-0.0414884885173491,0.168836796950693
142.750385139995,-0.0165197671950054,-0.00774972712119569,-0.064489515892527,0.355083381799011,-0.00184152882568364,0.0127762391247498,-0.0409667063851875,0.167804787582052
143.740380247435,-0.0164415658893329,-0.00761093711504212,-0.0633754557411892,0.352776637356409,-0.00180875467613774,0.0126915958992899,-0.0404512483780379,0.166777577426411
144.737241117876,-0.01636358729919,-0.00747328851905389,-0.0622765055262637,0.350480182669321,-0.00177643161886386,0.0126073784109702,-0.0399420457375638,0.165755175112909
145.741015366405,-0.01628582654114,-0.00733677183046929,-0.0611925098352592,0.348194051884112,-0.00174455492873618,0.0125235866961351,-0.0394390302049083,0.16473758851005
146.751750938323,-0.0162082787734301,-0.00720137775462511,-0.0601233142763301,0.345918277422482,-0.00171311991455794,0.0124402207493274,-0.0389421340241066,0.163724824740099
147.769496111443,-0.0161309391984436,-0.00706709720211426,-0.0590687654842221,0.343652890013756,-0.00168212191913242,0.0123572805241575,-0.038451289945257,0.162716890193347
148.794299498388,-0.0160538030651016,-0.00693392128593292,-0.058028711125663,0.341397918726779,-0.00165155631931965,0.012274765934161,-0.0379664312274566,0.16171379054223
149.826210048919,-0.0159768656712124,-0.00680184131861693,-0.0570029999042123,0.339153391001426,-0.00162141852607943,0.0121926768536454,-0.0374874916415064,0.160715530755308
150.865277052271,-0.0159001223657707,-0.00667084880936793,-0.0559914815645864,0.336919332679705,-0.00159170398450096,0.0121110131185243,-0.037014405472392,0.159722115111098
151.911550139505,-0.0158235685512049,-0.00654093546116922,-0.0549940068964726,0.334695768036466,-0.00156240817381968,0.0120297745271412,-0.0365471075215473,0.158733547211769
152.965079285884,-0.0157471996855742,-0.00641209316789162,-0.0540104277378502,0.332482719809705,-0.00153352660742152,0.0119489608410807,-0.0360855331089032,0.157749829996685
154.025914813254,-0.0156710112847154,-0.00628431401138953,-0.0530405969778304,0.330280209230452,-0.00150505483283508,0.011868571785968,-0.0356296180747307,0.156770965755804
155.094107392451,-0.0155949989243392,-0.00615759025858727,-0.0520843685590321,0.328088256052261,-0.00147698843171217,0.0117886070522569,-0.0351792987812815,0.155796956142926
156.169708045722,-0.0155191582420761,-0.00603191435855604,-0.0511415974795072,0.325906878580279,-0.001449323019797,0.0117090662960059,-0.0347345121142315,0.154827802188799
157.25276814916,-0.0154434849394726,-0.00590727893958151,-0.05021213979423,0.323736093699908,-0.00142205424688451,0.0116299491396417,-0.0342951954839341,0.153863504314065
158.34333943516,-0.0153679747839368,-0.00578367680622239,-0.0492958526161656,0.321575916905037,-0.00139517779676818,0.0115512551727118,-0.0338612868264866,0.152904062342069
159.441473994887,-0.0152926236106352,-0.00566110093636009,-0.0483925941169303,0.319426362325876,-0.0013686893871777,0.0114729839526243,-0.0334327246046161,0.151949475511506
160.547224280766,-0.015217427324338,-0.00553954447823969,-0.0475022235270594,0.317287442756355,-0.00134258476970694,0.0113951350053756,-0.0330094478083896,0.150999742488923
161.66064310899,-0.0151423819012164,-0.00541900074750247,-0.0466246011358949,0.315159169681112,-0.00131685972973251,0.0113177078262669,-0.0325913959557526,0.150054861381066
162.781783662036,-0.015067483390588,-0.00529946322421011,-0.0457595882911075,0.313041553302058,-0.00129151008632334,0.0112407018806077,-0.0321785090929022,0.149114829747081
163.910699491214,-0.0149927279166139,-0.00518092554986098,-0.044907047397866,0.310934602564524,-0.0012665316921416,0.0111641166044079,-0.0317707277944983,0.148179644610559
165.047444519217,-0.0149181116799451,-0.00506338152439862,-0.044066841917668,0.308838325182986,-0.00124192043333541,0.0110879514050579,-0.0313679931637192,0.147249302471426
166.192073042701,-0.0148436309593189,-0.00494682510321276,-0.0432388363668436,0.306752727666368,-0.00121767222942357,0.0110122056619959,-0.0309702468321639,0.146323799317691
167.344639734876,-0.0147692821131051,-0.004831250394133,-0.0424228963147463,0.304677815342936,-0.00119378303317272,0.0109368787273645,-0.0305774309596079,0.145403130637031
168.505199648122,-0.014695061580802,-0.00471665165441567,-0.0416188883816435,0.302613592384757,-0.00117024883046736,0.0108619699266542,-0.0301894882336154,0.144487291428234
169.673808216612,-0.0146209658844823,-0.0046030232877241,-0.0408266802363187,0.300560061831756,-0.00114706564017288,0.0107874785593357,-0.0298063618690132,0.143576276212485
170.850521258965,-0.0145469916301881,-0.00449035984110241,-0.0400461405933979,0.298517225615346,-0.00112422951399216,0.0107134038994801,-0.0294279956072297,0.142670079044499
172.03539498091,-0.0144731355092751,-0.00437865600194362,-0.0392771392104121,0.296485084581649,-0.00110173653631582,0.0106397451963671,-0.0290543337155044,0.141768693523515
173.228485977972,-0.0143993942997065,-0.00426790659495187,-0.0385195468846093,0.294463638514305,-0.00107958282406674,0.010566501675082,-0.0286853209859704,0.140872112804122
174.429851238172,-0.0143257648672952,-0.00415810657909974,-0.0377732354495251,0.292452886156861,-0.00105776452653887,0.0104936725371004,-0.0283209027346156,0.139980329606952
175.639548144754,-0.014252244166895,-0.00404925104458052,-0.0370380777713256,0.290452825234762,-0.00103627782523086,0.0104212569608619,-0.0279610248001253,0.139093336229211
176.857634478922,-0.0141788292435407,-0.00394133520975638,-0.0363139477449332,0.288463452476932,-0.00101511893367474,0.0103492541023315,-0.0276056335426103,0.138211124555072
178.084168422602,-0.0141055172335359,-0.00383435441810245,-0.0356007202899465,0.286484763636942,-0.000994284097259928,0.0102776630955502,-0.0272546758422251,0.137333686065912
179.319208561219,-0.0140323053654891,-0.00372830413514755,-0.0348982713463651,0.284516753513793,-0.000973769593052938,0.0102064830531742,-0.0269080990976791,0.136461011850403
180.562813886497,-0.0139591909612979,-0.00362317994541202,-0.0342064778701298,0.282559415972283,-0.000953571729612978,0.0101357130670023,-0.0265658512246438,0.135593092614463
181.815043799277,-0.0138861714370804,-0.0035189775493432,-0.03352521782849,0.280612743962996,-0.000933686846803845,0.0100653522084927,-0.0262278806540619,0.134729918691052
183.075958112354,-0.0138132443040544,-0.00341569276024887,-0.0328543701952069,0.278676729541883,-0.0009141113156023,0.00999539952926815,-0.0258941363303584,0.133871480049827
184.345617053333,-0.0137404071693635,-0.00331332150122982,-0.0321938149456033,0.276751363889464,-0.00089484153790325,0.00992585406161099,-0.0255645677095605,0.133017766306657
185.624081267505,-0.0136676577368499,-0.00321185980211139,-0.0315434330514714,0.274836637329644,-0.000875873946321995,0.00985671481894626,-0.0252391247573273,0.132168766732987
186.911411820748,-0.013594993807774,-0.00311130379637528,-0.0309031064758452,0.272932539348145,-0.000857205003993804,0.00978798079631489,-0.024917757946893,0.131324470265067
188.207670202438,-0.0135224132814807,-0.00301164971809182,-0.0302727181676501,0.271039058610559,-0.00083883120437107,0.00971965097083589,-0.0246004182569273,0.130484865513033
189.512918328392,-0.0134499141560116,-0.00291289389885377,-0.0296521520562371,0.269156182980039,-0.000820749071018324,0.00965172430215815,-0.0242870571693165,0.129649940769853
190.827218543819,-0.0133774945286627,-0.00281503276471198,-0.0290412930458114,0.267283899534605,-0.000802955157405318,0.00958419973290185,-0.0239776266668664,0.128819684020132
192.150633626303,-0.0133051525964886,-0.0027180628331141,-0.0284400270097643,0.265422194584095,-0.000785446046698459,0.00951707618908963,-0.0236720792309318,0.127994082948775
193.483226788801,-0.0132328866567514,-0.00262198070984654,-0.0278482407849167,0.263571053686758,-0.000768218351550786,0.00945035258056767,-0.0233703678389757,0.127173124949522
194.82506168266,-0.0131606951073159,-0.0025267830859812,-0.0272658221656829,0.261730461665484,-0.000751268713890761,0.00938402780141677,-0.0230724459620582,0.126356797133334
196.176202400658,-0.0130885764469885,-0.002432466734827,-0.0266926598981632,0.259900402623691,-0.000734593804710082,0.00931810073035375,-0.0227782675622624,0.125545086336656
197.536713480066,-0.0130165292758022,-0.0023390285088878,-0.0261286436741729,0.258080859960857,-0.000718190323850707,0.00925257023112296,-0.0224877870900551,0.12473797912954
198.906659905733,-0.012944552295246,-0.00224646533682702,-0.0255736641252153,0.256271816387722,-0.000702054999791356,0.00918743515287848,-0.0222009594815887,0.123935461823634
200.286107113184,-0.0128726443084382,-0.00215477422044022,-0.0250276128164072,0.254473253941146,-0.000686184589433658,0.00912269433055686,-0.0219177401559452,0.123137520480043
201.675120991751,-0.0128008042202452,-0.00206395223163642,-0.0244903822403639,0.252685153998643,-0.000670575877888152,0.00905834658524067,-0.0216380850123244,0.122344140917061
203.073767887718,-0.0127290310373442,-0.00197399650942915,-0.0239618658110499,0.250907497292583,-0.000655225678260331,0.008994390724513,-0.0213619504271801,0.121555308717763
204.482114607491,-0.0126573238682297,-0.00188490425693815,-0.0234419578576039,0.24914026392408,-0.000640130831436936,0.00893082554280309,-0.0210892932513056,0.120771009237485
205.900228420788,-0.0125856819231648,-0.00179667273840288,-0.0229305536181434,0.247383433376564,-0.000625288205872653,0.00886764982172325,-0.0208200708068709,0.119991227611167
207.32817706385,-0.0125141045140768,-0.00170929927620869,-0.0224275492335569,0.245636984529041,-0.000610694697377414,0.00880486233039717,-0.0205542408844145,0.119215948760566
208.766028742684,-0.0124425910543956,-0.00162278124792681,-0.0219328417412879,0.243900895669059,-0.00059634722890445,0.00874246182577995,-0.0202917617397913,0.11844515740136
210.213852136311,-0.0123711410588383,-0.00153711608336922,-0.0214463290691194,0.242175144505366,-0.000582242750339279,0.00868044705296985,-0.0200325920910796,0.117678838050114
211.671716400053,-0.0122997541431359,-0.0014523012616594,-0.0209679100289622,0.240459708180284,-0.000568378238289773,0.00861881674551198,-0.0197766911154478,0.11691697503113
213.139691168835,-0.0122284300237057,-0.00136833430832027,-0.020497484310655,0.238754563281797,-0.000554750695877448,0.00855756962569425,-0.0195240184459843,0.116159552483178
214.617846560511,-0.0121571685172672,-0.00128521279238014,-0.0200349524757793,0.237059685855351,-0.000541357152530141,0.00849670440483549,-0.0192745341684925,0.115406554366102
216.10625317921,-0.0120859695404028,-0.00120293432349819,-0.0195802159514969,0.235375051415395,-0.000528194663776199,0.00843621978356618,-0.0190281988182517,0.114657964467317
217.604982118714,-0.0120148331090633,-0.00112149654911032,-0.0191331770244129,0.233700634956643,-0.000515260311040315,0.0083761144521018,-0.0187849733767466,0.113913766408175
219.114104965849,-0.0119437593380173,-0.00104089715159674,-0.0186937388344699,0.232036410965074,-0.000502551201441126,0.00831638709050906,-0.0185448192683675,0.113173943650232
220.633693803907,-0.011872748440247,-0.000961133845472376,-0.0182618053688782,0.23038235342869,-0.000490064467590725,0.00825703636896515,-0.0183076983570822,0.112438479501384
222.163821216089,-0.0118018007262882,-0.000882204374601374,-0.0178372814560857,0.228738435848005,-0.000477797267396151,0.00819806094801026,-0.0180735729430823,0.111707357121906
223.704560288971,-0.0117309166035166,-0.000804106509436924,-0.0174200727597921,0.227104631246307,-0.000465746783863009,0.00813945947879345,-0.0178424057594041,0.110980559530362
225.255984615994,-0.0116600965753793,-0.000726838044287467,-0.0170100857730112,0.225480912179678,-0.000453910224901294,0.00808123060331212,-0.0176141599685283,0.110258069609418
226.818168300982,-0.0115893412405737,-0.000650396794610734,-0.0166072278121847,0.223867250746778,-0.000442284823133528,0.00802337295464532,-0.0173887991589564,0.109539870111541
228.391185961678,-0.0115186512921725,-0.000574780594336705,-0.016211407011352,0.222263618598413,-0.000430867835705284,0.00796588515718097,-0.01716628734177,0.108825943664587
229.975112733314,-0.0114480275166957,-0.000499987293220724,-0.0158225323163774,0.220669986946879,-0.000419656544098197,0.00790876582683718,-0.0169465889471697,0.108116272777282
231.570024272191,-0.011377470793131,-0.000426014754228111,-0.0154405134792403,0.219086326575094,-0.000408648253945522,0.00785201357127805,-0.0167296688209992,0.107410839844606
233.175996759301,-0.0113069820919024,-0.00035286085095137,-0.0150652610523891,0.217512607845531,-0.000397840294850319,0.00779562699012381,-0.0165154922212533,0.10670962715306
234.793106903962,-0.0112365624737869,-0.000280523465061369,-0.0146966863831622,0.215948800708939,-0.000387230020206325,0.00773960467515579,-0.0163040248145724,0.106012616885835
236.421431947482,-0.0111662130887819,-0.000209000483793595,-0.0143347016082792,0.214394874712883,-0.000376814807021579,0.00768394521051621,-0.0160952326727253,0.105319791127884
238.061049666849,-0.0110959351749219,-0.000138289797470803,-0.0139792196484036,0.212850799010087,-0.000366592055744831,0.00762864717290308,-0.01588908226908,0.104631131870886
239.712038378445,-0.0110257300570467,-6.8389297063251e-05,-0.0136301542027795,0.211316542366604,-0.000356559190094812,0.00757370913176029,-0.0156855404750657,0.103946621018109
241.374476941791,-0.0109555991455206,7.03128212273599e-07,-0.013287419743944,0.209792073169802,-0.00034671365689238,0.00751912964946322,-0.015484574556626,0.103266240389186
243.048444763306,-0.010885543934905,6.89895932534622e-05,-0.0129509315125177,0.208277359436188,-0.000337052925895591,0.00746490728149986,-0.0152861521706654,0.102589971724779
244.734021800108,-0.0108155660025836,0.000136472219392267,-0.012620605512073,0.206772368819066,-0.000327574489637715,0.00741104057664781,-0.015090241361489,0.101917796691158
246.431288563827,-0.0107456670073423,0.000203153136672352,-0.0122963585040836,0.205277068616038,-0.00031827586326823,0.00735752807714717,-0.0148968105572384,0.101249696884678
248.140326124455,-0.0106758486879039,0.000269034486083047,-0.0119781080029548,0.203791425776352,-0.000309154584396805,0.00730436831886961,-0.0147058285663235,0.100585653836168
249.861216114214,-0.0106061128614193,0.000334118421748634,-0.0116657722711357,0.202315406908109,-0.000300208212940281,0.00725155983148376,-0.0145172645738522,0.0999256490152232
251.594040731461,-0.010536461421916,0.00039840711307189,-0.0113592703143151,0.200848978285327,-0.000291434330972674,0.00719910113861707,-0.0143310881380579,0.0992696638344082
253.338882744608,-0.0104668963387041,0.000461902746830757,-0.0110585218767,0.199392105854868,-0.000282830542578181,0.0071469907580143,-0.0141472691867278,0.0986176796533684
255.09582549608,-0.0103974196547428,0.000524607529227126,-0.0107634474363781,0.197944755243246,-0.000274394473707195,0.00709522720169291,-0.0139657780136308,0.0979696777828538
256.864952906292,-0.0103280334849662,0.000586523687886609,-0.0104739682007646,0.1965068917633,-0.000266123772035333,0.00704380897609532,-0.013786585274948,0.0973256394886543
258.646349477661,-0.0102587400145718,0.000647653473808366,-0.0101900061021323,0.195078480420761,-0.00025801610682543,0.00699273458223841,-0.0136096619857055,0.0966855459954477
260.440100298641,-0.0101895414972716,0.000707999163263955,-0.00991148379322618,0.193659485920701,-0.000250069168792522,0.00694200251586029,-0.0134349795162105,0.0960493784905632
262.246291047787,-0.010120440253507,0.000767563059644304,-0.00963832464296083,0.192249872673875,-0.000242280669971768,0.00689161126756453,-0.013262509588493,0.0954171181276596
264.065007997846,-0.0100514386686298,0.00082634749525376,-0.00937045273220139,0.19084960480296,-0.000234648343589287,0.00684155932296198,-0.0130922242727515,0.0947887460303205
265.896338019882,-0.00998253919104959,0.000884354833050572,-0.00910779284962667,0.189458646148709,-0.000227169943935884,0.00679184516281043,-0.0129240959838066,0.094164243295567
267.740368587419,-0.00991374433034958,0.000941587468332635,-0.00885027048767386,0.188076960275996,-0.000219843246243634,0.00674246726315209,-0.0127580974775607,0.0935435909972897
269.597187780627,-0.00984505665537204,0.000998047830368019,-0.00859781183856402,0.186704510479786,-0.000212666046565259,0.00669342409544918,-0.0125942018474663,0.0929267701896003
271.466884290521,-0.00977647879227467,0.00105373838396929,-0.00835034379040714,0.185341259791023,-0.00020563616165629,0.00664471412671767,-0.0124323825210029,0.0923137619101043
273.349547423206,-0.00970801342255961,0.001108661631011,-0.00810779392338571,0.183987170982436,-0.000198751428859929,0.00659633581965944,-0.0122726132561638,0.0917045471830961
275.245267104134,-0.00963966328107636,0.00116282011188958,-0.00787009050601542,0.182642206574274,-0.000192009705994584,0.00654828763279275,-0.0121148681379533,0.0910991070226772
277.154133882404,-0.00957143115400036,0.00121621640692519,-0.00763716249148139,0.181306328839975,-0.000185408871244006,0.00650056802058143,-0.0119591215748947,0.0904974224357984
279.07623893509,-0.00950331987678861,0.00126885313770462,-0.00740893951404879,0.179979499811768,-0.000178946823049988,0.00645317543356278,-0.0118053482955506,0.0898994744252282
281.011674071587,-0.00943533233211398,0.00132073296836504,-0.00718535188554569,0.178661681286217,-0.000172621480007526,0.00640610831847419,-0.011653523345056,0.089305243992447
282.960531738006,-0.00936747144777978,0.00137185860681785,-0.00696633059191659,0.177352834829709,-0.000166430780762428,0.00635936511837883,-0.0115036220816642,0.0887147121404688
284.922905021585,-0.00929974019461623,0.00142223280591233,-0.0067518072898447,0.176052921783888,-0.000160372683911249,0.00631294427279036,-0.0113556201733065,0.0881278598765917
286.898887655133,-0.00923214158436052,0.00147185836453862,-0.00654171430344114,0.174761903271045,-0.000154445167903522,0.00626684421779682,-0.0112094935941678,0.0875446682150785
288.888574021513,-0.00916467866752191,0.00152073812866969,-0.00633598462099847,0.173479740199458,-0.00014864623094618,0.00622106338618378,-0.0110652186212758,0.0869651181797663
290.892059158146,-0.00909735453123385,0.00156887499234206,-0.00613455189180718,0.172206393268696,-0.000142973890910124,0.00617560020755688,-0.0109227718311071,0.08638919080661
292.909438761552,-0.00903017229709455,0.001616271898575,-0.00593735042303203,0.170941822974881,-0.00013742618523882,0.00613045310846385,-0.0107821300962099,0.0858168671461568
294.940809191919,-0.00896313511899778,0.00166293184022804,-0.00574431517664658,0.169685989615917,-0.000132001170858872,0.00608562051251607,-0.0106432705818426,0.0852481282659554
296.986267477709,-0.00889624618095562,0.00170885786079653,-0.0055553817664231,0.16843885329669,-0.00012669692409248,0.0060411008405098,-0.0105061707426316,0.084682955252899
299.045911320291,-0.00882950869491487,0.00175405305514548,-0.00537048645497571,0.167200373934235,-0.000121511540571697,0.00599689251054712,-0.0103708083192459,0.0841213292155053
301.119839098607,-0.00876292589856874,0.0017985205701813,-0.00518956615085385,0.165970511262876,-0.00011644313515439,0.00595299393815674,-0.010237161335091,0.0835632312861324
303.208149873869,-0.0086965010531657,0.0018422636054617,-0.00501255840568394,0.164749224839353,-0.000111489841841832,0.00590940353641455,-0.0101052080930221,0.0830086426231322
305.310943394298,-0.00863023744131703,0.00188528541374382,-0.00483940141135627,0.16353647404791,-0.000106649813697827,0.0058661197160643,-0.00997492717207653,0.0824575444129438
307.428320099879,-0.00856413836480492,0.00192758930147065,-0.00467003399725463,0.162332218105386,-0.000101921222769277,0.00582314088563815,-0.00984629742422693,0.0819099178721252
309.560381127168,-0.0084982071423927,0.00196917862919597,-0.00450439562752597,0.161136416066269,-9.73022600081005e-05,0.00578046545157737,-0.00971929797115436,0.0813657442493265
311.707228314113,-0.00843244710763905,0.00201005681194816,-0.00434242639838726,0.159949026827749,-9.27911351944137e-05,0.00573809181835312,-0.00959390820104308,0.0808250048272052
313.868964204927,-0.00836686160671774,0.00205022731953301,-0.00418406703546691,0.158770009134755,-8.83860768608746e-05,0.00569601838858745,-0.00947010776539648,0.0802876809242826
316.045692054981,-0.0083014539962447,0.00208969367677612,-0.00402925889117807,0.157599321584977,-8.40853322181075e-05,0.00565424356317451,-0.00934787657587505,0.0797537538967458
318.237515835737,-0.00823622764111394,0.00212845946370509,-0.00387794394212071,0.156436922633886,-7.98871670811014e-05,0.00561276574140197,-0.00922719480115665,0.079223205140193
320.444540239715,-0.0081711859123442,0.00216652831567212,-0.00373006478651001,0.155282770599738,-7.57898657965002e-05,0.00557158332107285,-0.00910804286381941,0.0786960160913245
322.666870685493,-0.00810633218493769,0.00220390392341757,-0.0035855646416282,0.154136823668579,-7.17917311706869e-05,0.00553069469862755,-0.00899040143724776,0.0781721682295805
324.904613322743,-0.00804166983575275,0.00224059003307486,-0.00344438734129692,0.152999039899237,-6.78910843985666e-05,0.00549009826926636,-0.00887425144256184,0.0776516430787262
327.1578750373,-0.00797720224139201,0.00227659044611762,-0.00330647733336747,0.151869377228318,-6.4086264992961e-05,0.00544979242707227,-0.00875957404557064,0.0771344222083856
329.426763456268,-0.00791293277610742,0.00231190901924954,-0.00317177967722622,0.15074779347519,-6.03756307145184e-05,0.00540977556513424,-0.00864635065374924,0.0766204872355236
331.711386953162,-0.00784886480972392,0.00234654966423781,-0.0030402400413122,0.14963424634697,-5.67575575020486e-05,0.00537004607567084,-0.00853456291324039,0.0761098198258794
334.011854653082,-0.00778500170558326,0.00238051634769086,-0.0029118047006445,0.148528693443506,-5.32304394031967e-05,0.00533060235015437,-0.00842419270588082,0.0756024016953506
336.328276437929,-0.00772134681850924,0.00241381309078123,-0.00278642053435648,0.147431092262358,-4.97926885053586e-05,0.00529144277943538,-0.00831522214625243,0.0750982146113295
338.660762951648,-0.00765790349279609,0.00244644396891446,-0.00266403502323431,0.146341400203776,-4.64427348667597e-05,0.00525256575386764,-0.00820763357875877,0.0745972403939918
341.009425605519,-0.00759467506022124,0.00247841311134499,-0.00254459624725719,0.145259574575682,-4.31790264476022e-05,0.00521396966343355,-0.00810140957472688,0.0740994609175399
343.374376583475,-0.00753166483808399,0.00250972470073989,-0.00242805288313658,0.144185572598643,-4.00000290412006e-05,0.00517565289787,-0.00799653292953494,0.073604858111401
345.75572884746,-0.00746887612727134,0.00254038297269156,-0.00231435420185212,0.14311935141085,-3.69042262050209e-05,0.00513761384679466,-0.00789298665976578,0.0731134139613797
348.153596142828,-0.00740631221035232,0.00257039221518046,-0.00220345006618148,0.142060868073089,-3.38901191915395e-05,0.00509985089983262,-0.00779075400038651,0.0726251105107686
350.568093003772,-0.00734397634970222,0.00259975676798879,-0.00209529092822202,0.141010079573719,-3.09562268788467e-05,0.00506236244674353,-0.00768981840195452,0.0721399298614155
352.999334758797,-0.0072818717856577,0.00262848102206647,-0.00198982782690162,0.139966942833637,-2.81010857009115e-05,0.0050251468775491,-0.00759016352784992,0.0716578541747489
355.44743753623,-0.00722000173470426,0.00265656941885047,-0.00188701238547654,0.138931414711253,-2.53232495774339e-05,0.00498820258266086,-0.00749177325153471,0.0711788656727628
357.912518269762,-0.00715836938769708,0.00268402644953865,-0.0017867968090141,0.137903452007452,-2.26212898432147e-05,0.00495152795300841,-0.00739463165383876,0.0707029466389614
360.39469470404,-0.00709697790811629,0.0027108566543195,-0.00168913388185779,0.136883011470558,-1.99937951769627e-05,0.00491512138016788,-0.00729872302027269,0.0702300794192648
362.894085400285,-0.00703583043035784,0.0027370646215588,-0.00159397696507301,0.13587004980129,-1.74393715294807e-05,0.00487898125649069,-0.00720403183836792,0.0697602464228764
365.410809741959,-0.00697493005806097,0.00276265498694478,-0.00150127999387118,0.134864523657718,-1.49566420511545e-05,0.00484310597523259,-0.00711054279504391,0.0692934301231125
367.944987940466,-0.00691427986247322,0.00278763243259289,-0.00141099747501042,0.133866389660207,-1.2544247018687e-05,0.00480749393068284,-0.00701824077400263,0.0688296130581952
370.496741040893,-0.00685388288085387,0.00281200168611158,-0.00132308448417077,0.132875604396358,-1.02008437610134e-05,0.00477214351829367,-0.00692711085315052,0.0683687778320105
373.066190927794,-0.00679374211491678,0.00283576751963049,-0.0012374966633024,0.13189212442594,-7.92510658433813e-06,0.00473705313480977,-0.00683713830204784,0.0679109071148301
375.653460331008,-0.00673386052931334,0.00285893474879247,-0.00115419021794481,0.130915906285812,-5.71572669623763e-06,0.00470222117839792,-0.0067483085793856,0.0674559836439993
378.258672831527,-0.00667424105015644,0.00288150823171068,-0.00107312191451574,0.129946906494832,-3.57141212877887e-06,0.00466764604877665,-0.00666060733049003,0.0670039902245922
380.881952867393,-0.00661488656358608,0.00290349286789243,-0.00099424907756787,0.128985081558763,-1.49088766059703e-06,0.00463332614734595,-0.00657402038485469,0.0665549097300336
383.523425739646,-0.00655579991437722,0.00292489359713106,-0.000917529587012259,0.128030387975154,5.27105262108332e-07,0.00459925987731685,-0.0064885337537002,0.0661087251026889
386.183217618305,-0.0064969839045908,0.00294571539836724,-0.000842921875306839,0.127082782238215,2.48380860571104e-06,0.00456544564384095,-0.0064041336275617,0.0656654193544241
388.861455548399,-0.00643844129226805,0.00296596328852142,-0.000770384924608904,0.126142220843672,4.38044783046369e-06,0.00453188185413979,-0.00632080637390383,0.0652249755671335
391.558267456034,-0.00638017479016906,0.00298564232129864,-0.000699878263890374,0.125208660293608,6.21823197301561e-06,0.00449856691763405,-0.00623853853476349,0.0647873768932401
394.273782154498,-0.00632218706455574,0.00300475758596729,-0.000631361966014671,0.124282057101281,7.99835373017623e-06,0.00446549924607245,-0.0061573168244202,0.0643526065561656
397.008129350424,-0.00626448073401977,0.00302331420611341,-0.000564796644774325,0.123362367795925,9.72198954395857e-06,0.00443267725366032,-0.00607712812709401,0.0639206478507729
399.761439649975,-0.00620705836835578,0.00304131733837182,-0.000500143451888356,0.122449548927526,1.13902996879304e-05,0.0044000993571879,-0.00599795949467102,0.0634914841437815
402.533844565089,-0.00614992248748026,0.00305877217113573,-0.000437364073958604,0.121543557071574,1.30044283549021e-05,0.00436776397615812,-0.00591979814445635,0.0630650988741558
405.325476519761,-0.00609307556039619,0.00307568392324629,-0.000376420729384385,0.120644348833795,1.45655037459738e-05,0.00433566953291392,-0.00584263145695465,0.0626414755534677
408.136468856361,-0.00603652000420389,0.00309205784266356,-0.000317276165234779,0.11975188085485,1.60746381609637e-05,0.0043038144527651,-0.00576644697367786,0.0622205977662344
410.966955842014,-0.00598025818315801,0.00310789920512036,-0.000259893654078006,0.118866109815004,1.75329280902337e-05,0.00427219716411447,-0.00569123239498034,0.0618024491702311
413.817072675003,-0.00592429240777095,0.00312321331276055,-0.000204236990767504,0.117986992438773,1.89414543079308e-05,0.00424081609858344,-0.00561697557792111,0.0613870134967803
416.686955491232,-0.00586862493396263,0.00313800549276317,-0.000150270489184387,0.117114485499532,2.03012819666511e-05,0.00420966969113681,-0.00554366453415329,0.0609742745510176
419.576741370729,-0.00581325796225676,0.00315228109595389,-9.79589789359137e-05,0.116248545824089,2.16134606935417e-05,0.00417875638020686,-0.00547128742784043,0.0605642162121356
422.486568344193,-0.00575819363702344,0.00316604549540528,-4.726780200991e-05,0.115389130297227,2.28790246878412e-05,0.00414807460781658,-0.00539983257359968,0.0601568224336053
425.416575399583,-0.00570343404576813,0.00317930408502733,1.83719061500227e-06,0.114536195866204,2.40989928198676e-05,0.00411762281970199,-0.00532928843447178,0.0597520772433768
428.366902488763,-0.00564898121846678,0.00319206227814956,4.93896424032889e-05,0.113689699545222,2.52743687314485e-05,0.00408739946543358,-0.00525964361991754,0.0593499647440593
431.337690534184,-0.00559483712694699,0.00320432550609625,9.54226947405667e-05,0.112849598419847,2.64061409377972e-05,0.00405740299853664,-0.00519088688384081,0.0589504691130812
434.329081435613,-0.00554100368431497,0.00321609921675615,0.000139968990455474,0.112015849651389,2.74952829308277e-05,0.00402763187661063,-0.00512300712263771,0.0585535746028308
437.341218076915,-0.0054874827444281,0.00322738887314796,0.000183060677385249,0.111188410481242,2.85427532838996e-05,0.00399808456144739,-0.00505599337327203,0.0581592655407785
440.374244332875,-0.00543427610141261,0.00323819995198307,0.000224729411984625,0.110367238235174,2.9549495757988e-05,0.00396875951914815,-0.00498983481137648,0.0577675263295807
443.428305076071,-0.00538138548922629,0.00324853794222678,0.000265006362977641,0.109552290327569,3.05164394092589e-05,0.00393965522023936,-0.00492452074937985,0.0573783414471663
446.503546183793,-0.00532881258126566,0.00325840834365936,0.000303922215051877,0.108743524265629,3.14444986980456e-05,0.0039107701397872,-0.00486004063465963,0.0569916954468061
449.600114545014,-0.00527655899001729,0.00326781666543823,0.000341507172594607,0.107940897653512,3.23345735991973e-05,0.00388210275751077,-0.00479638404772013,0.0566075729571662
452.718158067401,-0.00522462626675271,0.00327676842466256,0.000377790963470138,0.107144368196429,3.31875497137914e-05,0.0038536515578939,-0.00473354070039573,0.0562259586823446
455.857825684385,-0.00517301590126652,0.00328526914494135,0.000412802842837769,0.106353893704684,3.40042983821798e-05,0.0038254150302955,-0.00467150043407916,0.0558468374018942
459.01926736227,-0.00512172932165714,0.0032933243549665,0.000446571597009518,0.105569432097659,3.47856767983515e-05,0.00379739166905843,-0.00461025321797456,0.0554701939708289
462.202634107401,-0.00507076789414955,0.00330093958709168,0.000479125547346821,0.104790941407743,3.55325281255824e-05,0.00376957997361687,-0.00454978914737513,0.0550960133196172
465.408077973374,-0.00502013292295965,0.00330812037591854,0.000510492554195326,0.104018379784204,3.62456816133466e-05,0.003741978448602,-0.00449009844196509,0.0547242804541613
468.635752068297,-0.00496982565019934,0.00331487225689098,0.000540700020856861,0.103251705497,3.69259527154578e-05,0.00371458560394622,-0.00443117144414579,0.0543549804557627
471.885810562108,-0.00491984725582188,0.00332120076489886,0.000569774897597471,0.102490876940535,3.75741432094117e-05,0.00368739995498553,-0.00437299861738577,0.053988098481076
475.158408693936,-0.00487019885760675,0.00332711143289212,0.000597743685690636,0.101735852637348,3.81910413168968e-05,0.0036604200225603,-0.00431557054459433,0.053623619762049
478.453702779515,-0.00482088151118336,0.00333260979050624,0.000624632441494436,0.100986591241742,3.87774218254345e-05,0.00363364433311422,-0.00425887792651871,0.0532615296058524
481.771850218653,-0.00477189621009279,0.00333770136270016,0.000650466780561564,0.100243051543353,3.93340462111183e-05,0.00360707141879156,-0.0042029115801643,0.0529018133947971
485.113009502749,-0.00472324388588698,0.00334239166840752,0.000675271881780998,0.0995051924706424,3.98616627624119e-05,0.00358069981753244,-0.00414766243723785,0.0525444565862413
488.477340222363,-0.00467492540826432,0.0033466862192022,0.000699072491550053,0.098772973094341,4.03610067049655e-05,0.00355452807316639,-0.00409312154261335,0.0521894447124864
491.865003074839,-0.00462694158524119,0.003350590517979,0.000721892927975608,0.098046352630811,4.08328003274142e-05,0.00352855473550388,-0.00403928005282033,0.0518367633806636
495.276159871982,-0.00457929316335832,0.00335411005765036,0.000743757085103143,0.0973252904453494,4.12777531081128e-05,0.00350277836042602,-0.00398612923455433,0.0514863982726099
498.710973547785,-0.00453198082792131,0.00335725031985989,0.000764688437172203,0.0966097460554189,4.16965618427684e-05,0.00347719750997223,-0.0039336604632093,0.051138335144736
502.169608166212,-0.00448500520327447,0.00336001677371352,0.000784710042897037,0.0958996791338114,4.20899107729236e-05,0.00345181075242593,-0.00388186522143161,0.0507925598278843
505.652228929035,-0.004438366853107,0.00336241487452898,0.000803844549770852,0.0951950495117401,4.24584717152508e-05,0.00342661666239825,-0.00383073509769549,0.050449058227179
509.159002183727,-0.00439206628079075,0.00336445006260445,0.00082211419839236,0.0944958171818625,4.28029041916051e-05,0.00340161382090963,-0.00378026178489958,0.0501078163218678
512.690095431402,-0.00434610392974863,0.00336612776200678,0.000839540826813128,0.0938019423012306,4.3123855559799e-05,0.00337680081546942,-0.00373043707898428,0.0497688201651562
516.245677334823,-0.00430048018385273,0.00336745337938026,0.000856145874904226,0.09311338519417,4.34219611450433e-05,0.00335217624015335,-0.0036812528775698,0.0494320558840338
519.825917726449,-0.00425519536785133,0.00336843230277629,0.000871950388740726,0.0924301063550866,4.36978443720133e-05,0.0033277386956789,-0.0036327011786144,0.0490975096790942
523.430987616559,-0.00421024974782382,0.00336906990050465,0.000886975025002503,0.0917520664511998,4.39521168974898e-05,0.00330348678947856,-0.00358477407909271,0.0487651678243477
527.061059201407,-0.00416564353166261,0.00336937152000679,0.000901240055389869,0.0910792263252033,4.41853787435268e-05,0.00327941913577096,-0.00353746377369393,0.0484350166670278
530.716305871459,-0.00412137686958113,0.00336934248675183,0.000914765371052418,0.0904115469978519,4.4398218431099e-05,0.00325553435562979,-0.00349076255353935,0.0481070426273915
534.396902219665,-0.00407744985464701,0.00336898810315549,0.000927570487029647,0.0897489896704742,4.45912131141772e-05,0.00323183107705063,-0.0034446628049192,0.0477812321985139
538.103024049808,-0.00403386252333939,0.00336831364752263,0.000939674546701728,0.0890915157274116,4.47649287141866e-05,0.00320830793501556,-0.00339915700804851,0.0474575719460773
541.834848384891,-0.00399061485612964,0.00336732437301357,0.000951096326248918,0.0884390867383827,4.49199200547963e-05,0.00318496357155561,-0.0033542377358415,0.047136048508155
545.592553475602,-0.0039477067780843,0.0033660255066347,0.000961854239118063,0.0877916644607733,4.50567309969912e-05,0.00316179663581099,-0.00330989765270451,0.0468166485949896
549.376318808822,-0.00390513815948949,0.00336442224825372,0.00097196634049461,0.0871492108418527,4.51758945743782e-05,0.00313880578408917,-0.003266129513347,0.0464993589887684
553.1863251162,-0.00386290881649583,0.00336251976963966,0.00098145033177864,0.086511688020914,4.52779331286764e-05,0.00311598967992072,-0.00322292616161047,0.0461841665433919
557.022754382788,-0.00382101851178282,0.00336032321352814,0.000990323565063325,0.0858790583313416,4.53633584453444e-05,0.003093346994113,-0.00318028052931491,0.0458710581842402
560.885789855729,-0.00377946695524194,0.00335783769271194,0.000998603047614314,0.0852512843026036,4.54326718892933e-05,0.00307087640480162,-0.00313818563512264,0.0455600209079343
564.775616053012,-0.00373825380467741,0.00335506828915719,0.00100630544634851,0.0846283286621696,4.54863645406406e-05,0.00304857659749971,-0.00309663458341919,0.0452510417820941
568.692418772287,-0.0036973786665237,0.00335202005314529,0.00101344709231076,0.0840101543373556,4.55249173304531e-05,0.003026446265145,-0.0030556205632109,0.0449441079450928
572.636385099737,-0.00365684109657903,0.00334869800244078,0.00102004398514689,0.0833967244570946,4.5548801176436e-05,0.00300448410814475,-0.00301513684703921,0.044639206605808
576.607703419018,-0.00361664060075374,0.00334510712148518,0.00102611179757167,0.0827880023536333,4.55584771185155e-05,0.00298268883441845,-0.00297517678991105,0.0443363250433702
580.606563420252,-0.00357677663583281,0.00334125236061693,0.00103166587983026,0.0821839515641568,4.55543964542735e-05,0.00296105915943837,-0.0029357338282453,0.0440354506069073
584.633156109091,-0.0035372486102516,0.00333713863531755,0.00103672126415153,0.0815845358323398,4.55370008741853e-05,0.00293959380626801,-0.00289680147883503,0.0437365707152882
588.687673815838,-0.00349805588488392,0.00333277082548394,0.00104129266919212,0.0809897191098259,4.55067225966161e-05,0.00291829150559829,-0.00285837333782514,0.0434396728568618
592.77031020464,-0.00345919777384153,0.00332815377472688,0.00104539450446948,0.0803994655576348,4.54639845025306e-05,0.00289715099578169,-0.00282044307970529,0.0431447445891955
596.881260282727,-0.00342067354528438,0.00332329228969576,0.00104904087478283,0.0798137395474989,4.54092002698736e-05,0.00287617102286428,-0.00278300445631778,0.0428517735388107
601.020720409738,-0.00338248242224052,0.00331819113942941,0.00105224558462044,0.0792325056631284,4.53427745075759e-05,0.00285535034061558,-0.00274605129588016,0.0425607474009161
605.188888307094,-0.00334462358343508,0.00331285505473302,0.001055022142552,0.078655728701407,4.52651028891441e-05,0.00283468771055637,-0.00270957750202229,0.04227165393914
609.385963067442,-0.00330709616412737,0.003307288727581,0.00105738376560482,0.0780833736735176,4.5176572285794e-05,0.00281418190198446,-0.00267357705283769,0.0419844809852602
613.612145164168,-0.00326989925695538,0.00330149681054581,0.00105934338362245,0.0775154058059997,4.50775608990836e-05,0.00279383169199835,-0.00263804399994878,0.0416992164389327
617.867636460969,-0.00323303191278678,0.00329548391625236,0.00106091364360452,0.0769517905417383,4.49684383930087e-05,0.00277363586551891,-0.00260297246758596,0.0414158482674187
622.152640221499,-0.00319649314157587,0.00328925461685816,0.00106210691402667,0.076392493540886,4.48495660255195e-05,0.00275359321530905,-0.00256835665168011,0.041134364505311
626.467361119072,-0.0031602819132255,0.00328281344355878,0.00106293528913916,0.0758374806817176,4.47212967794239e-05,0.00273370254199135,-0.00253419081896844,0.0408547532542588
630.812005246445,-0.00312439715845337,0.0032761648861185,0.00106341059324327,0.0752867180614203,4.45839754926345e-05,0.00271396265406381,-0.00250046930611329,0.040577002682691
635.186780125658,-0.00308883776966191,0.00326931339242603,0.00106354438494404,0.0747401719968176,4.44379389877288e-05,0.0026943723679136,-0.00246718651883383,0.0403011010255397
639.591894717946,-0.00305360260181116,0.00326226336807495,0.00106334796137857,0.0741978090250301,4.42835162007844e-05,0.00267493050782894,-0.00243433693105028,0.0400270365839623
644.027559433723,-0.00301869047329376,0.00325501917596866,0.00106283236241855,0.0736595959040727,4.41210283094547e-05,0.00265563590600905,-0.00240191508404048,0.0397547977250626
648.493986142629,-0.00298410016681161,0.00324758513594966,0.00106200837484614,0.0731254996133896,4.39507888602544e-05,0.00263648740257229,-0.00236991558560868,0.0394843728816118
652.991388183652,-0.0029498304302534,0.0032399655244527,0.00106088653650208,0.0725954873543277,4.37731038950199e-05,0.00261748384556247,-0.00233833310926613,0.0392157505517693
657.519980375318,-0.00291587997757236,0.00323216457418172,0.00105947714040521,0.0720695265505504,4.35882720765151e-05,0.00259862409095327,-0.00230716239342353,0.0389489192988021
662.07997902595,-0.00288224748966383,0.00322418647381014,0.0010577902388423,0.071547584848391,4.33965848131532e-05,0.00257990700265102,-0.00227639824059482,0.0386838677508045
666.671601944003,-0.00284893161524169,0.0032160353677042,0.00105583564742739,0.0710296301171483,4.31983263828033e-05,0.00256133145249563,-0.00224603551661238,0.038420584600418
671.295068448464,-0.00281593097171349,0.00320771535566905,0.00105362294912973,0.0705156304493243,4.29937740556566e-05,0.00254289632025988,-0.00221606914985328,0.0381590586045501
675.950599379332,-0.0027832441460533,0.00319923049271724,0.00105116149826951,0.0700055541608065,4.27831982161232e-05,0.00252460049364696,-0.0021864941304764,0.0378992785840935
680.638417108163,-0.00275086969567214,0.00319058478885926,0.00104846042448059,0.0694993697909935,4.25668624837368e-05,0.00250644286828642,-0.00215730550967026,0.0376412334236453
685.358745548692,-0.00271880614928507,0.00318178220891578,0.00104552863663937,0.068997046102867,4.23450238330382e-05,0.00248842234772847,-0.00212849839891135,0.0373849120712261
690.11181016753,-0.00268705200777481,0.00317282667235113,0.00104237482675923,0.0684985520830109,4.21179327124193e-05,0.0024705378434367,-0.00210006796923276,0.0371303035379994
694.897837994932,-0.00265560574505109,0.0031637220531278,0.00103900747384971,0.0680038569415776,4.18858331619009e-05,0.00245278827477924,-0.00207200945050297,0.0368773968979909
699.717057635642,-0.00262446580890543,0.00315447217958148,0.00103543484773982,0.0675129301122032,4.16489629298264e-05,0.00243517256901841,-0.00204431813071448,0.0366261812878079
704.569699279812,-0.00259363062186086,0.0031450808343162,0.00103166501286485,0.0670257412518734,4.14075535884476e-05,0.00241768966129887,-0.0020169893552823,0.0363766459063598
709.455994713995,-0.00256309858201615,0.00313555175411927,0.00102770583201613,0.0665422602407398,4.11618306483881e-05,0.00240033849463432,-0.00199001852635201,0.0361287800145775
714.376177332221,-0.00253286806388407,0.00312588862989559,0.00102356497005303,0.0660624571818885,4.09120136719609e-05,0.00238311801989277,-0.00196340110211712,0.0358825729351345
719.33048214714,-0.00250293741922339,0.00311609510662086,0.00101924989757688,0.0655863024010625,4.06583163853273e-05,0.00236602719578044,-0.00193713259614583,0.0356380140521676
724.31914580125,-0.00247330497786412,0.00310617478331333,0.00101476789456618,0.065113766446338,4.04009467894796e-05,0.0023490649888243,-0.00191120857671675,0.0353950928109983
729.342406578201,-0.00244396904852569,0.00309613121302369,0.00101012605397266,0.0646448200877562,4.01401072700319e-05,0.00233223037335327,-0.00188562466616352,0.0351537987178546
734.400504414174,-0.00241492791962779,0.00308596790284264,0.00100533128527779,0.0641794343169121,3.98759947058069e-05,0.00231552233147815,-0.00186037654022829,0.0349141213395932
739.493680909344,-0.00238617986009329,0.00307568831392567,0.00100039031800933,0.0637175803465011,3.96088005762036e-05,0.00229893985307028,-0.00183545992742363,0.0346760503034225
744.622179339418,-0.00235772312014329,0.00306529586153476,0.000995309705217514,0.0632592296098238,3.93387110673355e-05,0.00228248193573905,-0.00181087060840303,0.0344395752966258
749.786244667259,-0.00232955593208362,0.00305479391509646,0.000990095826910681,0.0628043537602513,3.90659071769285e-05,0.00226614758480808,-0.00178660441533958,0.0342046860662856
754.98612355458,-0.00230167651108284,0.00304418579827592,0.000984754893449816,0.0623529246706517,3.87905648179668e-05,0.00224993581329042,-0.00176265723131282,0.0339713724190079
760.222064373731,-0.00227408305594122,0.00303347478906655,0.000979292948901915,0.0619049144327785,3.85128549210795e-05,0.00223384564186251,-0.00173902498970364,0.0337396242206472
765.494317219563,-0.00224677374985058,0.00302266411989471,0.000973715874351884,0.0614602953566218,3.82329435356591e-05,0.00221787609883709,-0.00171570367359691,0.033509431396033
770.803133921369,-0.00221974676114476,0.00301175697773917,0.000968029391172698,0.0610190399697252,3.79509919297049e-05,0.00220202622013509,-0.00169268931519194,0.0332807839286956
776.148768054917,-0.0021930002440404,0.00300075650426481,0.000962239064253702,0.0605811210164665,3.7667156688384e-05,0.00218629504925646,-0.00166997799522048,0.0330536718605938
781.531474954562,-0.00216653233936794,0.00298966579597017,0.000956350305186874,0.0601465114573064,3.73815898113059e-05,0.00217068163725003,-0.00164756584237215,0.0328280852918427
786.951511725437,-0.00214034117529257,0.00297848790434838,0.000950368375410883,0.0597151844680037,3.70944388085063e-05,0.00215518504268242,-0.00162544903272718,0.032604014380442
792.40913725574,-0.00211442486802498,0.00296722583606115,0.000944298389312892,0.0592871134387995,3.68058467951328e-05,0.00213980433160605,-0.00160362378919642,0.0323814493420058
797.904612229097,-0.00208878152252172,0.00295588255312525,0.000938145317287989,0.0588622719735717,3.65159525848363e-05,0.00212453857752619,-0.0015820863809683,0.0321603804494924
803.438199137013,-0.00206340923317508,0.00294446097311119,0.000931913988756193,0.058440633888959,3.62248907818577e-05,0.00210938686136727,-0.0015608331229628,0.0319407980329349
809.01016229141,-0.0020383060844923,0.00293296396935365,0.000925609095137026,0.0580221732134579,3.59327918718163e-05,0.00209434827143825,-0.00153986037529229,0.0317226924791735
814.620767837254,-0.00201347015176398,0.00292139437117317,0.000919235192781613,0.0576068641864919,3.56397823111938e-05,0.00207942190339728,-0.001519164542729,0.0315060542315869
820.270283765263,-0.00198889950172162,0.00290975496410883,0.00091279670586236,0.0571946812574543,3.53459846155165e-05,0.00206460686021555,-0.00149874207417911,0.0312908737898262
825.958979924714,-0.00196459219318419,0.00289804849016139,0.000906297929220223,0.0567855990847264,3.50515174462362e-05,0.00204990225214044,-0.0014785894621634,0.0310771417095482
831.687128036326,-0.00194054627769352,0.00288627764804657,0.000899743031169637,0.0563795925346707,3.47564956963111e-05,0.00203530719665792,-0.00145870324230415,0.0308648486021505
837.455001705243,-0.00191675980013867,0.00287444509345801,0.000893136056261187,0.0559766366806021,3.44610305744887e-05,0.00202082081845436,-0.00143907999281848,0.0306539851345064
843.262876434102,-0.00189323079936897,0.00286255343933963,0.000886480928002128,0.055576706801735,3.41652296882946e-05,0.0020064422493776,-0.00141971633401769,0.0304445420287016
849.111029636188,-0.00186995730879586,0.00285060525616679,0.000879781451534876,0.0551797783821107,3.38691971257287e-05,0.00199217062839751,-0.00140060892781283,0.0302365100617712
854.999740648693,-0.00184693735698334,0.00283860307223617,0.00087304131627359,0.0547858271095038,3.35730335356749e-05,0.00197800510156585,-0.00138175447722613,0.0300298800654369
860.92929074605,-0.00182416896822713,0.00282654937396373,0.000866264098499038,0.0543948288743085,3.32768362070279e-05,0.00196394482197568,-0.00136314972590838,0.0298246429258462
866.899963153375,-0.00180165016312238,0.00281444660619048,0.000859453263911898,0.0540067597684072,3.29806991465428e-05,0.0019499889497202,-0.00134479145766206,0.0296207895833117
872.91204305999,-0.0017793789591201,0.00280229717249573,0.000852612170144708,0.0536215960840212,3.26847131554122e-05,0.00193613665185102,-0.00132667649597015,0.0294183110320508
878.965817633049,-0.00175735337107204,0.00279010343551743,0.000845744069232645,0.0532393143125437,3.23889659045787e-05,0.00192238710233609,-0.00130880170353063,0.0292171983199271
885.061576031251,-0.00173557141176434,0.00277786771727922,0.000838852110043408,0.0528598911433579,3.20935420087884e-05,0.00190873948201709,-0.00129116398179638,0.0290174425481918
891.199609418655,-0.00171403109243966,0.00276559229952386,0.000831939340666399,0.0524833034626398,3.17985230993932e-05,0.00189519297856636,-0.00127376027052059,0.0288190348712267
897.380210978585,-0.00169273042330802,0.00275327942405274,0.000825008710761476,0.0521095283521454,3.15039878959093e-05,0.00188174678644357,-0.00125658754730752,0.0286219664962868
903.603675927636,-0.00167166741404633,0.0027409312930711,0.000818063073867569,0.0517385430879863,3.12100122763398e-05,0.00186840010685189,-0.00123964282716848,0.0284262286832451
909.870301529772,-0.00165084007428655,0.00272855006953856,0.000811105189671394,0.0513703251393912,3.09166693462716e-05,0.00185515214769382,-0.00122292316208305,0.0282318127443367
916.18038711053,-0.00163024641409262,0.00271613787752483,0.000804137726236618,0.0510048521674557,3.06240295067526e-05,0.0018420021235268,-0.0012064256405654,0.0280387100439053
922.534234071309,-0.00160988444442625,0.00270369680257007,0.00079716326219373,0.0506421020238813,3.03321605209622e-05,0.0018289492555184,-0.00119014738723562,0.0278469119981487
928.932145903777,-0.0015897521776015,0.00269122889204976,0.000790184288890979,0.0502820527497035,3.00411275796814e-05,0.00181599277140128,-0.00117408556239604,0.0276564100748668
935.374428204358,-0.00156984762772824,0.00267873615554361,0.000783203212506667,0.0499246825740105,2.97509933655747e-05,0.0018031319054279,-0.00115823736161247,0.0274671957932089
941.861388688833,-0.00155016881114471,0.00266622056520843,0.000776222356123183,0.0495699699126523,2.94618181162938e-05,0.00179036589832497,-0.00114260001530016,0.0272792607234229
948.39333720704,-0.00153071374683903,0.00265368405615448,0.000769243961763091,0.0492178933669427,2.9173659686413e-05,0.00177769399724772,-0.00112717078831465,0.0270925964866043
954.970585757668,-0.00151148045685992,0.00264112852682508,0.000762270192387638,0.0488684317223519,2.88865736082082e-05,0.00176511545573393,-0.0011119469795472,0.026907194754447
961.593448503166,-0.00149246696671659,0.00262855583937925,0.000755303133858068,0.0485215639471938,2.86006131512901e-05,0.00175262953365783,-0.00109692592152488,0.0267230472489935
968.262241784745,-0.00147367130576803,0.00261596782007709,0.000748344796860085,0.0481772691913057,2.83158293811039e-05,0.00174023549718382,-0.00108210498001522,0.0265401457423876
974.977284137491,-0.00145509150760158,0.00260336625966759,0.000741397118791883,0.047835526784723,2.80322712163056e-05,0.00172793261872006,-0.00106748155363535,0.026358482056626
981.738896305574,-0.00143672561040114,0.00259075291377862,0.00073446196561609,0.0474963162363487,2.77499854850291e-05,0.00171572017687199,-0.00105305307346554,0.0261780480633119
988.547401257578,-0.00141857165730494,0.002578129503309,0.00072754113367607,0.0471596172326178,2.74690169800545e-05,0.00170359745639563,-0.00103881700266718,0.0259988356834093
995.403124201917,-0.001400627696753,0.00256549771482213,0.00072063635147693,0.0468254096361588,2.71894085128904e-05,0.00169156374815096,-0.00102477083610504,0.0258208368869969
1002.30639260238,-0.00138289178282449,0.00255285920094126,0.000713749281431695,0.046493673484451,2.69112009667833e-05,0.00167961834905511,-0.00101091209997374,0.0256440436930242
1009.25753619375,-0.00136536197556497,0.00254021558074588,0.000706881521573011,0.0461643889884793,2.66344333486659e-05,0.00166776056203559,-0.000997238351428506,0.0254684481690674
1016.2568869976,-0.00134803634130376,0.00252756844016926,0.000700034607230824,0.0458375365313865,2.63591428400575e-05,0.00165598969598342,-0.000983747178220003,0.0252940424310863
1023.30477933808,-0.00133091295296145,0.00251491933239671,0.00069321001267646,0.0455130966671245,2.60853648469307e-05,0.00164430506570631,-0.00097043619833333,0.0251208186431819
1030.40154985798,-0.00131398989034769,0.00250226977826452,0.000686409152733479,0.0451910501191031,2.58131330485536e-05,0.00163270599188178,-0.000957303059630977,0.0249487690173547
1037.5475375347,-0.00129726524044953,0.0024896212666593,0.000679633384355812,0.0448713777788395,2.55424794453263e-05,0.00162119180101037,-0.000944345439499849,0.024777885813264
1044.74308369654,-0.00128073709771019,0.00247697525491744,0.000672884008173527,0.044554060704606,2.52734344056201e-05,0.00160976182536882,-0.000931561044502162,0.0246081613379872
1051.98853203895,-0.00126440356429863,0.00246433316922476,0.00066616227000672,0.0442390801200789,2.50060267116354e-05,0.0015984154029633,-0.000918947610030294,0.0244395879457807
1059.28422864097,-0.00124826275036984,0.00245169640501581,0.000659469362347915,0.0439264174129874,2.47402836042901e-05,0.00158715187748273,-0.000906502899965422,0.0242721580378406
1066.63052198171,-0.00123231277431622,0.00243906632737297,0.00065280642581346,0.0436160541337647,2.44762308271542e-05,0.00157597059825219,-0.000894224706340011,0.0241058640620652
1074.02776295709,-0.0012165517630099,0.00242644427142496,0.0006461745505643,0.043307971994198,2.42138926694411e-05,0.0015648709201863,-0.00088211084900399,0.0239406985128171
1081.4763048965,-0.00120097785203647,0.0024138315427447,0.000639574777696619,0.0430021528660838,2.39532920080718e-05,0.00155385220374285,-0.000870159175294707,0.0237766539306868
1088.97650357974,-0.00118558918591991,0.00240122941774633,0.000633008100602743,0.0426985787798823,2.36944503488244e-05,0.00154291381487646,-0.000858367559710472,0.023613722902256
1096.52871725401,-0.00117038391833915,0.00238863914408122,0.000626475466302779,0.0423972319233768,2.34373878665818e-05,0.0015320551249923,-0.000846733903587783,0.0234518980598635
1104.13330665098,-0.00115536021233623,0.00237606194103284,0.000619977776747395,0.042098094640334,2.31821234446926e-05,0.00152127551090008,-0.00083525613478207,0.0232911720813694
1111.79063500406,-0.00114051624051626,0.00236349899991038,0.000613515890092229,0.0418011494291697,2.29286747134583e-05,0.00151057435476807,-0.000823932207352033,0.0231315376899218
1119.50106806575,-0.00112585018523927,0.0023509514844409,0.000607090621944294,0.0415063789416164,2.26770580877593e-05,0.00149995104407733,-0.000812760101247406,0.0229729876537234
1127.26497412507,-0.00111136023880427,0.00233842053115993,0.000600702746580892,0.0412137659813961,2.24272888038348e-05,0.00148940497157606,-0.000801737822000246,0.0228155147857989
1135.0827240252,-0.00109704460362534,0.00232590724980046,0.000594352998141414,0.0409232935028964,2.21793809552293e-05,0.00147893553523412,-0.000790863400419569,0.0226591119437632
1142.95469118117,-0.0010829014924002,0.00231341272368001,0.000588042071792497,0.0406349446098523,2.19333475279189e-05,0.00146854213819781,-0.000780134892289414,0.0225037720295904
1150.8812515977,-0.0010689291282713,0.00230093801008586,0.000581770624866945,0.0403487025540319,2.16892004346314e-05,0.00145822418874473,-0.00076955037807021,0.0223494879893829
1158.86278388715,-0.00105512574497944,0.00228848414065827,0.000575539277976878,0.0400645507339276,2.14469505483734e-05,0.00144798110023889,-0.000759107962603471,0.0221962528131418
1166.89966928762,-0.00104148958701028,0.00227605212177144,0.000569348616101494,0.039782472693453,2.12066077351773e-05,0.00143781229108603,-0.000748805774819719,0.0220440595345381
1174.99229168114,-0.00102801890973376,0.00226364293491241,0.000563199189649923,0.0395024521206452,2.09681808860823e-05,0.00142771718468913,-0.000738641967449684,0.0218929012306837
1183.14103761204,-0.00101471197953652,0.00225125753705745,0.00055709151549954,0.0392244728463727,2.07316779483611e-05,0.00141769520940416,-0.000728614716738641,0.0217427710219041
1191.34629630538,-0.00100156707394767,0.00223889686104615,0.000551026078010227,0.0389485188430503,2.04971059560073e-05,0.00140774579849604,-0.000718722222163961,0.0215936620715111
1199.60845968555,-0.000988582481757735,0.0022265618159529,0.000545003330014917,0.0386745742233593,2.02644710594944e-05,0.00139786839009481,-0.000708962706155731,0.0214455675855765
1207.92792239501,-0.000975756503131248,0.00221425328745585,0.000539023693786943,0.0384026232389753,2.00337785548219e-05,0.00138806242715212,-0.00069933441382052,0.0212984808127066
1216.3050818131,-0.000963087449712884,0.00220197213820315,0.00053308756198449,0.0381326502793019,1.98050329118573e-05,0.00137832735739786,-0.000689835612668145,0.0211523950438166
1224.74033807505,-0.000950573644727413,0.00218971920817639,0.000527195298572668,0.0378646398702119,1.95782378019924e-05,0.00136866263329712,-0.000680464592341517,0.0210073036119072
1233.23409409112,-0.000938213423073511,0.00217749531505135,0.000521347239723517,0.0375985766727954,1.93533961251199e-05,0.00135906771200735,-0.00067121966434943,0.0208631998918398
1241.78675556577,-0.00092600513141167,0.00216530125455568,0.000515543694694432,0.0373344454821156,1.91305100359489e-05,0.00134954205533585,-0.000662099161802357,0.0207200773001149
1250.39873101711,-0.000913947128246231,0.0021531378008238,0.00050978494668533,0.0370722312259713,1.89095809696672e-05,0.00134008512969744,-0.000653101439151132,0.0205779292946484
1259.07043179635,-0.000902037784001789,0.00214100570674864,0.000504071253675029,0.0368119189636678,1.86906096669656e-05,0.00133069640607247,-0.000644224871928573,0.0204367493745513
1267.80227210752,-0.000890275481093987,0.00212890570433042,0.00049840284923716,0.0365534938847951,1.84735961984339e-05,0.00132137535996505,-0.000635467856493938,0.020296531079908
1276.5946690272,-0.000878658613994927,0.00211683850502223,0.000492779943336052,0.0362969413080143,1.82585399883426e-05,0.00131212147136159,-0.000626828809780245,0.0201572679915562
1285.44804252445,-0.000867185589293293,0.00210480480007247,0.00048720272310296,0.0360422466798519,1.80454398378222e-05,0.00130293422468967,-0.000618306169044401,0.0200189537308677
1294.36281548089,-0.00085585482574927,0.00209280526086413,0.000481671353592987,0.0357893955735022,1.78342939474489e-05,0.00129381310877705,-0.000609898391620087,0.0198815819595294
1303.33941371088,-0.000844664754344487,0.00208084053925068,0.000476185978523126,0.0355383736876382,1.76250999392531e-05,0.00128475761681114,-0.00060160395467344,0.0197451463793251
1312.37826598188,-0.000833613818326997,0.00206891126788881,0.000470746720991745,0.0352891668452302,1.74178548781578e-05,0.00127576724629862,-0.000593421354961408,0.019609640731918
1321.47980403488,-0.000822700473251531,0.00205701806056775,0.000465353684179916,0.0350417609923742,1.72125552928609e-05,0.00126684149902548,-0.000585349108592852,0.0194750587986344
1330.6444626051,-0.000811923187015035,0.00204516151253524,0.000460006952034926,0.0347961421971273,1.70091971961716e-05,0.00125797988101722,-0.000577385750792273,0.0193413944002469
1339.87267944269,-0.000801280439887729,0.00203334220082013,0.00045470658993635,0.034552296648353,1.68077761048125e-05,0.0012491819024995,-0.000569529835666222,0.0192086413967598
1349.16489533366,-0.000790770724539697,0.00202156068455157,0.000449452645345012,0.0343102106545742,1.66082870586976e-05,0.00124044707785894,-0.000561779935972288,0.0190767936871938
1358.52155412096,-0.000780392546063226,0.00200981750527467,0.000444245148435218,0.0340698706428363,1.6410724639698e-05,0.00123177492560435,-0.000554134642890707,0.0189458452093729
1367.94310272563,-0.000770144421990923,0.00199811318726286,0.00043908411271056,0.0338312631575773,1.62150829899045e-05,0.0012231649683282,-0.000546592565798509,0.01881578993971
1377.42999116818,-0.000760024882309813,0.00198644823782656,0.000433969535603682,0.033594374859509,1.60213558294001e-05,0.00121461673266838,-0.000539152332046227,0.0186866218929954
1386.98267259009,-0.000750032469471437,0.00197482314761855,0.000428901399060291,0.033359192524505,1.5829536473549e-05,0.00120612974927034,-0.000531812586737084,0.0185583351221842
1396.60160327544,-0.000740165738398164,0.00196323839093569,0.000423879670107786,0.0331257030424999,1.56396178498172e-05,0.00119770355274945,-0.000524571992508712,0.0184309237181859
1406.2872426727,-0.000730423256485724,0.00195169442601715,0.000418904301408802,0.0328938934163951,1.54515925141293e-05,0.00118933768165375,-0.000517429229317283,0.0183043818096533
1416.04005341668,-0.000720803603602176,0.00194019169533916,0.000413975231800006,0.0326637507609763,1.52654526667765e-05,0.00118103167842699,-0.000510382994224122,0.0181787035627732
1425.86050135065,-0.000711305372083308,0.00192873062590614,0.000409092386816441,0.032435262301838,1.50811901678819e-05,0.00117278508937191,-0.000503432001184694,0.0180538831810571
1435.74905554856,-0.000701927166724693,0.00191731162953835,0.000404255679201761,0.0322084153743183,1.48987965524349e-05,0.00116459746461395,-0.000496574980840015,0.0179299149051334
1445.70618833745,-0.000692667604770379,0.00190593510315594,0.00039946500940463,0.0319831974224424,1.47182630449031e-05,0.00115646835806518,-0.000489810680310392,0.0178067930125392
1455.73237532004,-0.000683525315898438,0.00189460142905949,0.000394720266061606,0.0317595959978759,1.45395805734313e-05,0.00114839732738859,-0.000483137862991541,0.0176845118175142
1465.8280953974,-0.000674498942203365,0.00188331097520695,0.000390021326466796,0.031537598758886,1.43627397836368e-05,0.00114038393396267,-0.000476555308352982,0.0175630656707939
1475.99383079187,-0.000665587138175523,0.00187206409548713,0.000385368057028593,0.0313171934693139,1.41877310520108e-05,0.00113242774284634,-0.000470061811738773,0.0174424489594046
1486.23006707006,-0.000656788570677634,0.00186086112998954,0.000380760313713749,0.0310983679975541,1.40145444989329e-05,0.00112452832274412,-0.000463656184170471,0.0173226561064585
1496.53729316606,-0.000648101918918508,0.00184970240527073,0.000376197942479108,0.0308811103155449,1.38431700013099e-05,0.00111668524597173,-0.000457337252152379,0.0172036815709502
1506.9160014048,-0.000639525874424014,0.00183858823461717,0.000371680779691229,0.0306654084977669,1.36735972048451e-05,0.00110889808842184,-0.000451103857478991,0.0170855198475529
1517.36668752555,-0.000631059141005466,0.0018275189183045,0.000367208652534231,0.0304512507202513,1.35058155359486e-05,0.00110116642953029,-0.000444954857044667,0.0169681654664164
1527.88985070559,-0.00062270043472543,0.00181649474385334,0.000362781379406065,0.0302386252595968,1.33398142132951e-05,0.00109348985224255,-0.000438889122655458,0.016851612992965
1538.4859935841,-0.000614448483861132,0.0018055159862816,0.000358398770303529,0.0300275204919966,1.31755822590398e-05,0.00108586794298047,-0.000432905540843129,0.0167358570276969
1549.15562228612,-0.000606302028865455,0.00179458290835327,0.000354060627196249,0.0298179248922733,1.30131085096967e-05,0.00107830029160936,-0.000427003012681286,0.0166208922059836
1559.89924644673,-0.000598259822325712,0.00178369576082382,0.000349766744389912,0.0296098270329245,1.28523816266918e-05,0.00107078649140544,-0.000421180453603642,0.0165067131978704
1570.71737923542,-0.000590320628920175,0.00177285478268202,0.000345516908878972,0.0294032155831757,1.26933901065945e-05,0.00106332613902345,-0.000415436793224369,0.0163933147078778
1581.61053738059,-0.000582483225372534,0.00176206020138845,0.000341310900689095,0.0291980793080439,1.25361222910382e-05,0.00105591883446478,-0.000409770975160529,0.0162806914748036
1592.57924119422,-0.000574746400404291,0.00175131223311051,0.000337148493209571,0.0289944070674092,1.23805663763351e-05,0.00104856418104565,-0.000404181956856552,0.0161688382715252
1603.62401459674,-0.000567108954685229,0.0017406110829541,0.000333029453515953,0.028792187815096,1.22267104227953e-05,0.00104126178536584,-0.000398668709410763,0.0160577499048032
1614.74538514202,-0.000559569700781971,0.00172995694519181,0.000328953542683111,0.0285914105979629,1.20745423637536e-05,0.00103401125727756,-0.000393230217403896,0.0159474212150859
1625.94388404263,-0.000552127463104766,0.0017193500034879,0.00032492051608899,0.0283920645550015,1.19240500143146e-05,0.00102681220985469,-0.000387865478729629,0.0158378470763141
1637.22004619516,-0.000544781077852516,0.00170879043111983,0.00032093012370923,0.0281941389164444,1.17752210798217e-05,0.00101966425936227,-0.000382573504427065,0.0157290223957265
1648.57441020578,-0.00053752939295617,0.00169827839119651,0.000316982110402931,0.0279976230028819,1.16280431640554e-05,0.00101256702522639,-0.00037735331851519,0.0156209421136668
1660.00751841599,-0.000530371268020497,0.00168781403687326,0.000313076216189724,0.0278025062243872,1.14825037771704e-05,0.00100552013000426,-0.000372203957829235,0.0155136012033907
1671.51991692849,-0.000523305574264375,0.00167739751156354,0.0003092121765184,0.0276087780796513,1.13385903433753e-05,0.000998523199354647,-0.000367124471858983,0.0154069946708735
1683.11215563331,-0.000516331194459582,0.00166702894914737,0.000305389722527277,0.0274164281551253,1.11962902083629e-05,0.000991575862008565,-0.000362113922588939,0.0153011175546195
1694.78478823403,-0.000509447022868239,0.0016567084741766,0.000301608581296524,0.0272254461241727,1.10555906464975e-05,0.000984677749740314,-0.000357171384340396,0.0151959649254712
1706.53837227424,-0.000502651965178889,0.00164643620207694,0.000297868476092633,0.0270358217462293,1.09164788677635e-05,0.000977828497338741,-0.000352295943615341,0.0150915318864197
1718.37346916419,-0.00049594493844134,0.00163621223934687,0.00029416912660524,0.0268475448659725,1.0778942024484e-05,0.000971027742578845,-0.000347486698942209,0.0149878135724157
1730.2906442076,-0.000489324871000282,0.00162603668375341,0.000290510249176477,0.0266606054124983,1.06429672178129e-05,0.00096427512619363,-0.000342742760723439,0.0148848051501814
1742.29046662864,-0.000482790702427779,0.00161590962452473,0.000286891557023057,0.0264749933985076,1.05085415040078e-05,0.000957570291846269,-0.000338063251084848,0.0147825018180231
1754.37350959913,-0.00047634138345465,0.00160583114253978,0.000283312760451257,0.0262906989195003,1.03756519004889e-05,0.000950912886102537,-0.000333447303726764,0.0146808988056447
1766.54035026596,-0.000469975875900837,0.00159580131051474,0.00027977356706499,0.0261077121529778,1.02442853916888e-05,0.000944302558403526,-0.000328894063776933,0.0145799913739615
1778.79156977856,-0.000463693152604798,0.00158582019318662,0.000276273681967154,0.0259260233576544,1.01144289347003e-05,0.000937738961038654,-0.000324402687645171,0.0144797748149157
1791.12775331676,-0.000457492197351949,0.0015758878474937,0.00027281280795439,0.0257456228726759,9.98606946472536e-06,0.00093122174911892,-0.000319972342879727,0.0143802444512918
1803.54949011869,-0.000451372004802278,0.00156600432275312,0.000269390645705473,0.0255665011168478,9.85919390033226e-06,0.000924750580550469,-0.000315602208025372,0.0142813956365329
1816.05737350894,-0.000445331580417091,0.00155616966083548,0.00026600689396345,0.0253886485878697,9.73378914852472e-06,0.000918325116008398,-0.000311291472483155,0.0141832237545584
1828.65200092687,-0.00043936994038503,0.0015463838963366,0.000262661249711724,0.0252120558615796,9.60984210962914e-06,0.000911945018910862,-0.000307039336371858,0.0140857242195819
1841.33397395519,-0.00043348611154733,0.00153664705674636,0.000259353408344212,0.0250367135912052,9.48733968200369e-06,0.000905609955393418,-0.000302845010391076,0.0139888924759298
1854.10389834867,-0.000427679131322434,0.00152695916261472,0.000256083063829768,0.0248626125066233,9.36626876657496e-06,0.000899319594283667,-0.000298707715685962,0.0138927239978614
1866.9623840631,-0.00042194804762994,0.00151732022771491,0.000252849908870976,0.0246897434136268,9.24661627120614e-06,0.000893073607076123,-0.000294626683713562,0.013797214289389
1879.91004528435,-0.000416291918814,0.00150773025920394,0.00024965363505751,0.0245180971932004,9.12836911490188e-06,0.000886871667907384,-0.000290601156110785,0.0137023588840991
1892.94750045783,-0.000410709813566138,0.0014981892577802,0.000246493933014162,0.0243476648008026,9.01151423185359e-06,0.000880713453531528,-0.000286630384563927,0.0136081533449745
1906.0753723179,-0.000405200810847594,0.00148869721783855,0.000243370492543716,0.0241784372656568,8.89603857533049e-06,0.000874598643295788,-0.000282713630679792,0.0135145932642171
1919.29428791772,-0.00039976399981119,0.00147925412762253,0.000240283002764778,0.024010405690049,8.78192912141949e-06,0.000868526919116466,-0.000278850165858342,0.0134216742630713
1932.60487865912,-0.000394398479722785,0.00146985996937408,0.000237231152244722,0.0238435612486333,8.66917287261931e-06,0.000862497965455121,-0.000275039271166898,0.0133293919916485
1946.00778032282,-0.000389103359882327,0.00146051471948055,0.000234214629127854,0.0236778951877449,8.5577568612918e-06,0.000856511469294976,-0.000271280237215852,0.0132377421287522
1959.50363309877,-0.000383877759544593,0.00145121834861917,0.000231233121258966,0.023513398824721,8.44766815297537e-06,0.00085056712011761,-0.000267572364035892,0.0131467203817041
1973.09308161673,-0.000378720807839573,0.00144197082189896,0.000228286316302357,0.0233500635472276,8.3388938495636e-06,0.000844664609879857,-0.000263914960956697,0.0130563224861705
1986.77677497706,-0.000373631643692626,0.00143277209900011,0.000225373901856489,0.023187880812595,8.23142109235357e-06,0.000838803632990987,-0.000260307346487124,0.0129665442059902
2000.55536678172,-0.000368609415744353,0.00142362213431088,0.000222495565564366,0.02302684214716,8.12523706496693e-06,0.000832983886290091,-0.000256748848196828,0.0128773813330025
2014.42951516552,-0.000363653282270291,0.00141452087706205,0.000219650995219779,0.0228669391456148,8.02032899614803e-06,0.000827205069023738,-0.000253238802599347,0.0127888296868765
2028.39988282751,-0.000358762411100416,0.00140546827145891,0.000216839878869505,0.0227081634703634,7.91668416244188e-06,0.000821466882823839,-0.000249776555036584,0.012700885114941
2042.46713706267,-0.000353935979538505,0.00139646425681093,0.000214061904911608,0.022550506850885,7.81428989075624e-06,0.000815769031685775,-0.000246361459564718,0.0126135434920151
2056.63194979376,-0.000349173174281379,0.001387508767659,0.000211316762189913,0.0223939610831038,7.7131335608104e-06,0.000810111221946721,-0.000242992878841499,0.0125268007202397
2070.89499760343,-0.000344473191338069,0.00137860173390035,0.000208604140084796,0.0222385180287661,7.61320260747463e-06,0.000804493162264239,-0.000239670184014923,0.01244065272891
2085.25696176653,-0.000339835235948905,0.00136974308091124,0.000205923728600357,0.0220841696148244,7.51448452300282e-06,0.000798914563595065,-0.000236392754613266,0.0123550954743083
2099.71852828265,-0.000335258522504601,0.00136093272966729,0.000203275218448129,0.0219309078328272,7.41696685916235e-06,0.00079337513917414,-0.000233159978436477,0.0122701249395382
2114.2803879089,-0.000330742274465305,0.00135217059686163,0.000200658301127362,0.0217787247383164,7.32063722926318e-06,0.000787874604493855,-0.00022997125144889,0.0121857371343589
2128.94323619287,-0.000326285724279698,0.00134345659502085,0.000198072669002037,0.021627612450231,7.22548331009022e-06,0.000782412677283524,-0.000226825977673268,0.012101928095021
2143.7077735059,-0.000321888113304113,0.00133479063261875,0.000195518015374659,0.0214775631503169,7.13149284374081e-06,0.000776989077489061,-0.000223723569086135,0.0120186938841025
2158.57470507649,-0.000317548691721744,0.00132617261418799,0.000192994034556959,0.0213285690825436,7.03865363937137e-06,0.000771603527252895,-0.000220663445514421,0.0119360305903461
2173.54474102402,-0.000313266718461931,0.00131760244042954,0.000190500421937564,0.0211806225525271,6.94695357485465e-06,0.000766255750894069,-0.000217645034533354,0.0118539343284969
2188.61859639264,-0.000309041461119571,0.00130908000832018,0.000188036874046745,0.0210337159269589,6.85638059835157e-06,0.000760945474888581,-0.000214667771365641,0.0117724012391413
2203.79699118545,-0.000304872195874655,0.00130060521121785,0.000185603088618325,0.0208878416330412,6.76692272979924e-06,0.000755672427849908,-0.000211731098781872,0.0116914274885458
2219.08065039887,-0.000300758207411968,0.00129217793896501,0.000183198764648823,0.0207429921579291,6.67856806231851e-06,0.000750436340509758,-0.000208834467002177,0.0116110092684981
2234.47030405729,-0.00029669878884096,0.00128379807799002,0.00018082360245392,0.0205991600481773,6.5913047635429e-06,0.000745236945699005,-0.000205977333599086,0.0115311427961475
2249.9666872479,-0.000292693241615817,0.00127546551140654,0.000178477303722335,0.0204563379091943,6.50512107687207e-06,0.000740073978328848,-0.00020315916340161,0.0114518243138472
2265.57054015586,-0.000288740875455738,0.00126718011911101,0.000176159571567176,0.0203145184047015,6.4200053226514e-06,0.000734947175372151,-0.000200379428400502,0.0113730500889962
2281.28260809959,-0.000284841008265451,0.00125894177787825,0.000173870110574853,0.0201736942561994,6.33594589928075e-06,0.000729856275844995,-0.000197637607654701,0.0112948164138836
2297.10364156645,-0.000280992966055972,0.00125075036145514,0.000171608626851617,0.0200338582424377,6.25293128425412e-06,0.000724801020788416,-0.000194933187198944,0.0112171196055322
2313.0343962485,-0.000277196082865631,0.0012426057406525,0.000169374828067811,0.0198950031988933,6.17095003513278e-06,0.000719781153250346,-0.000192265659952532,0.0111399560055435
2329.07563307866,-0.000273449700681376,0.00123450778343511,0.000167168423499884,0.0197571220172526,6.08999079045369e-06,0.000714796418267728,-0.000189634525629221,0.0110633219799439
2345.22811826701,-0.000269753169360378,0.00122645635500999,0.000164989124070261,0.0196202076448996,6.01004227057569e-06,0.000709846562848849,-0.000187039290648263,0.0109872139190307
2361.49262333744,-0.000266105846551935,0.00121845131791288,0.000162836642385109,0.01948425308441,5.931093278465e-06,0.000704931335955824,-0.000184479468046537,0.01091162823722
2377.86992516445,-0.000262507097619712,0.00121049253209303,0.00016071069277009,0.0193492513930507,5.85313270042259e-06,0.0007000504884873,-0.000181954577391799,0.0108365613728944
2394.36080601029,-0.000258956295564309,0.00120257985499625,0.000158610991304143,0.0192151956822841,5.77614950675479e-06,0.000695203773261313,-0.000179464144697007,0.0107620097882522
2410.96605356231,-0.000255452820946187,0.00119471314164627,0.000156537255851375,0.0190820791172786,5.70013275238951e-06,0.000690390944998353,-0.000177007702335729,0.0106879699691569
2427.6864609706,-0.000251996061808947,0.00118689224472451,0.000154489206091103,0.0189498949164241,5.62507157743942e-06,0.000685611760304579,-0.000174584788958614,0.010614438424988
2444.52282688584,-0.000248585413602989,0.00117911701464819,0.000152466563546125,0.0188186363508524,5.55095520771443e-06,0.00068086597765524,-0.000172194949410914,0.010541411688492
2461.4759554975,-0.000245220279109554,0.00117138729964679,0.000150469051609258,0.0186882967439634,5.47777295518464e-06,0.000676153357378247,-0.000169837734651038,0.0104688863156343
2478.54665657221,-0.000241900068365159,0.00116370294583706,0.000148496395568215,0.0185588694709558,5.40551421839577e-06,0.000671473661637925,-0.000167512701670144,0.0103968588854526
2495.73574549243,-0.000238624198586449,0.00115606379729637,0.000146548322628866,0.0184303479583634,5.33416848283884e-06,0.000666826654418953,-0.000165219413412742,0.0103253259999101
2513.04404329547,-0.000235392094095442,0.00114846969613461,0.000144624561936938,0.018302725683596,5.26372532127518e-06,0.000662212101510434,-0.000162957438698294,0.0102542842837497
2530.47237671259,-0.000232203186245224,0.00114092048256454,0.000142724844598202,0.0181759961744856,5.19417439401901e-06,0.000657629770490179,-0.000160726352143816,0.0101837303843497
2548.02157820863,-0.000229056913346055,0.00113341599497074,0.000140848903697205,0.0180501530088371,5.12550544917837e-06,0.00065307943070911,-0.000158525734087452,0.0101136609715795
2565.69248602162,-0.000225952720591936,0.00112595606997703,0.000138996474314592,0.017925189813984,5.05770832285666e-06,0.000648560853275864,-0.000156355170513022,0.0100440727376561
2583.48594420295,-0.000222890059987607,0.00111854054251255,0.000137167293543055,0.0178011002663492,4.99077293931538e-06,0.000644073811041531,-0.000154214252975524,0.00997496239700181
2601.4028026576,-0.000219868390276015,0.00111116924587639,0.000135361100501977,0.0176778780910098,4.9246893111003e-06,0.000639618078584568,-0.000152102578527585,0.0099063266861026
2619.4439171848,-0.000216887176866239,0.00110384201180086,0.000133577636350792,0.017555517061267,4.85944753913167e-06,0.000635193432195856,-0.000150019749646842,0.00983816236336677
2637.61014951883,-0.000213945891761889,0.00109655867051343,0.000131816644301123,0.0174340109982211,4.79503781276032e-06,0.000630799649863932,-0.000147965374164253,0.00977046620898508
2655.90236737027,-0.000211044013489979,0.00108931905079728,0.000130077869627728,0.0173133537703497,4.73145040979058e-06,0.000626436511260349,-0.00014593906519332,0.00970323502479107
2674.32144446737,-0.000208181027030281,0.00108212298005066,0.000128361059678306,0.0171935392930917,4.66867569647164e-06,0.000622103797725212,-0.000143940441060208,0.00963646563412253
2692.86826059784,-0.000205356423745171,0.00107497028434483,0.00012666596388219,0.0170745615284351,4.60670412745796e-06,0.000617801292252842,-0.000141969125234764,0.00957015488168342
2711.54370165082,-0.000202569701309967,0.00106786078848087,0.000124992333757979,0.0169564144845093,4.54552624574064e-06,0.000613528779477614,-0.000140024746262416,0.00950429963340687
2730.34865965925,-0.00019982036364376,0.00106079431604515,0.00012333992292014,0.0168390922151817,4.48513268255026e-06,0.000609286045659908,-0.000138106937696932,0.00943889677631859
2749.28403284242,-0.000197107920840755,0.00105377068946366,0.000121708487084618,0.0167225888196588,4.4255141572327e-06,0.000605072878672242,-0.000136215338034059,0.00937394321840142
2768.35072564895,-0.000194431889102109,0.0010467897300551,0.000120097784073489,0.0166068984420908,4.36666147709871e-06,0.000600889067985513,-0.000134349590645987,0.00930943588846019
2787.54964879989,-0.000191791790668292,0.0010398512580828,0.00011850757381869,0.0164920152711819,4.30856553724871e-06,0.000596734404655407,-0.000132509343716681,0.00924537173598779
2806.88171933232,-0.000189187153751945,0.00103295509280551,0.000116937618364868,0.0163779335398024,4.25121732037317e-06,0.000592608681308929,-0.000130694250178015,0.00918174773103158
2826.34786064308,-0.000186617512471273,0.00102610105252708,0.000115387681871368,0.0162646475246075,4.19460789653032e-06,0.000588511692131083,-0.00012890396764675,0.0091185608640609
2845.94900253294,-0.000184082406783941,0.00101928895464493,0.000113857530613399,0.016152151545658,4.13872842290145e-06,0.000584443232851678,-0.000127138158362302,0.00905580814583503
2865.68608125093,-0.000181581382421509,0.00101251861569755,0.000112346932982415,0.0160404399660461,4.08357014352536e-06,0.000580403100732285,-0.000125396489125327,0.0089934866072721
2885.56003953913,-0.000179113990824372,0.00100578985141084,0.000110855659485723,0.0159295071915246,4.02912438901216e-06,0.000576391094553303,-0.000123678631237082,0.00893159329931861
2905.57182667768,-0.000176679789077252,0.000999102476743477,0.000109383482745373,0.0158193476701407,3.9753825762381e-06,0.000572407014601182,-0.000121984260439582,0.00887012529281982
2925.72239853012,-0.000174278339845195,0.000992456305931139,0.000107930177496329,0.0157099558918726,3.92233620802146e-06,0.000568450662655752,-0.000120313056856515,0.00880907967839066
2946.01271758903,-0.000171909211310113,0.000985851152529836,0.000106495520583976,0.0156013263882706,3.86997687278104e-06,0.000564521841977702,-0.000118664704934927,0.00874845356628768
2966.44375302203,-0.000169571977107854,0.000979286829458153,0.000105079290960974,0.0154934537321017,3.81829624417746e-06,0.000560620357296167,-0.000117038893387658,0.00868824408628142
2987.01648071805,-0.000167266216265807,0.000972763149038576,0.000103681269683486,0.0153863325369982,3.76728608073856e-06,0.000556746014796456,-0.000115435315136525,0.00862844838752977
3007.73188333398,-0.000164991513141036,0.000966279923037814,0.000102301239906808,0.0152799574571092,3.71693822546911e-06,0.00055289862210789,-0.000113853667256234,0.00856906363845183
3028.59095034155,-0.000162747457358956,0.000959836962706218,0.000100938986880429,0.0151743231867568,3.66724460544614e-06,0.000549077988291774,-0.000112293650919021,0.0085100870266027
3049.59467807464,-0.000160533643752538,0.000953434078816241,9.9594297942543e-05,0.0150694244600945,3.61819723140005e-06,0.000545283923829477,-0.000110754971340013,0.00845151575854881
3070.74406977686,-0.000158349672302056,0.000947071081700024,9.8266962514024e-05,0.0149652560507705,3.56978819728261e-06,0.000541516240610648,-0.000109237337723293,0.00839334705974415
3092.04013564946,-0.000156195148075364,0.000940747781286062,9.69567720919069e-05,0.0148618127715935,3.5220096798222e-06,0.000537774751921531,-0.000107740463208667,0.00833557817440705
3113.48389289956,-0.000154069681168715,0.000934463987135027,9.56635202423835e-05,0.0147590894742024,3.47485393806718e-06,0.000534059272433415,-0.000106264064819121,0.00827820636539778
3135.07636578881,-0.000151972886648111,0.000928219508474703,9.43870025933325e-05,0.0146570810487388,3.42831331291774e-06,0.000530369618191179,-0.000104807863408959,0.00822122891409683
3156.8185856822,-0.00014990438449119,0.000922014154234112,9.31270168264148e-05,0.0145557824235239,3.38238022664725e-06,0.000526705606601975,-0.000103371583612623,0.00816464312028392
3178.71159109747,-0.000147863799529649,0.000915847733076787,9.18833626687407e-05,0.0144551885647377,3.33704718241305e-06,0.000523067056423996,-0.000101954953794167,0.00810844630201763
3200.75642775457,-0.000145850761392202,0.000909720053433264,9.0655841884143e-05,0.014355294476102,3.29230676375802e-06,0.000519453787755382,-0.000100557705997398,0.00805263579551592
3222.9541486257,-0.000143864904448065,0.000903630923532749,8.94442582640571e-05,0.0142560951985661,3.24815163410275e-06,0.000515865622023211,-9.91795758966636e-05,0.00799720895503711
3245.30581398558,-0.000141905867750987,0.000897580151434046,8.82484176180454e-05,0.0141575858099965,3.20457453622943e-06,0.000512302381972621,-9.78203027482807e-05,0.00794216315276181
3267.81249146208,-0.000139973294983793,0.000891567545055678,8.7068127763965e-05,0.0140597614248691,3.16156829175748e-06,0.000508763891656014,-9.64796293425976e-05,0.00788749577867528
3290.47525608724,-0.000138066834403476,0.000885592912205305,8.59031985178115e-05,0.0139626171939646,3.11912580061184e-06,0.000505249976422397,-9.51573019566845e-05,0.00783320424045081
3313.29519034861,-0.000136186138786808,0.000879656060608364,8.47534416832421e-05,0.0138661483040669,3.07724004048403e-06,0.000501760462906793,-9.38530703076374e-05,0.00777928596333341
3336.27338424092,-0.000134330865376475,0.00087375679793603,8.36186710408053e-05,0.0137703499776654,3.03590406628676e-06,0.000498295179019788,-9.25666875064982e-05,0.00772573839002458
3359.41093531822,-0.000132500675827748,0.00086789493183244,8.24987023368821e-05,0.0136752174726585,2.99511100960228e-06,0.000494853953937152,-9.12979100127711e-05,0.00767255898056739
3382.70894874623,-0.000130695236155669,0.000862070269941244,8.1393353272364e-05,0.0135807460820621,2.95485407812512e-06,0.000491436618089581,-9.00464975895409e-05,0.00761974521223262
3406.16853735517,-0.000128914216682758,0.000856282619931468,8.03024434910713e-05,0.0134869311337194,2.91512655509938e-06,0.000488043003152525,-8.88122132591725e-05,0.0075672945794052
3429.7908216929,-0.000127157291987254,0.000850531789522723,7.92257945679372e-05,0.0133937679900144,2.87592179875133e-06,0.00048467294203613,-8.75948232595974e-05,0.00751520459347168
3453.57693007845,-0.000125424140851852,0.000844817586509744,7.81632299969594e-05,0.0133012520475884,2.83723324171727e-06,0.000481326268875257,-8.63940970011674e-05,0.00746347278270812
3477.5279986559,-0.000123714446212975,0.000839139818786312,7.71145751789428e-05,0.0132093787370583,2.79905439046752e-06,0.000478002819019611,-8.52098070240782e-05,0.00741209669216874
3501.64517144866,-0.000122027895110547,0.000833498294368537,7.60796574090398e-05,0.0131181435227393,2.7613788247264e-06,0.000474702429023968,-8.40417289563523e-05,0.00736107388357534
3525.92960041413,-0.000120364178638286,0.000827892821417525,7.50583058641003e-05,0.0130275419023683,2.72420019688898e-06,0.00047142493663848,-8.28896414723692e-05,0.00731040193520717
3550.38244549867,-0.000118722991894498,0.000822323208261455,7.40503515898484e-05,0.0129375694068322,2.68751223143469e-06,0.00046817018079909,-8.17533262519475e-05,0.00726007844179171
3575.00487469309,-0.000117104033933381,0.000816789263417054,7.30556274878891e-05,0.012848221599897,2.65130872433811e-06,0.000464938001618024,-8.06325679399579e-05,0.00721010101439586
3599.79806408833,-0.000115507007716836,0.00081129079561051,7.2073968302566e-05,0.012759494077941,2.61558354247751e-06,0.000461728240374389,-7.95271541064744e-05,0.00716046728031805
3624.76319793175,-0.000113931620066767,0.000805827613797798,7.11052106076702e-05,0.0126713824696891,2.58033062304107e-06,0.000458540739504843,-7.84368752074437e-05,0.00711117488298075
3649.9014686836,-0.000112377581617897,0.000800399527184474,7.01491927930204e-05,0.0125838824359516,2.54554397293141e-06,0.000455375342594373,-7.73615245458789e-05,0.00706222148182388
3675.21407707406,-0.000110844606771062,0.000795006345244908,6.92057550509157e-05,0.0124969896693637,2.51121766816848e-06,0.000452231894367135,-7.63008982335587e-05,0.00701360475219861
3700.7022321605,-0.000109332413647008,0.000789647877741,6.82747393624785e-05,0.0124106998941286,2.47734585329122e-06,0.000449110240677413,-7.52547951532371e-05,0.0069653223852621
3726.36715138533,-0.000107840724040675,0.000784323934740359,6.73559894838888e-05,0.0123250088657629,2.44392274075818e-06,0.00044601022850063,-7.4223016921347e-05,0.00691737208787257
3752.21006063407,-0.000106369263375966,0.000779034326633987,6.64493509325285e-05,0.0122399123708442,2.41094261034744e-06,0.00044293170592447,-7.32053678512003e-05,0.0068697515824853
3778.23219429398,-0.000104917760661001,0.000773778864153449,6.55546709730323e-05,0.0121554062267614,2.37839980855588e-06,0.000439874522140065,-7.22016549166697e-05,0.00682245860704904
3804.43479531291,-0.000103485948443854,0.000768557358387568,6.46717986032667e-05,0.0120714862814672,2.34628874799831e-06,0.000436838527433279,-7.12116877163555e-05,0.00677549091490326
3830.81911525882,-0.00010207356276876,0.000763369620798621,6.3800584540234e-05,0.0119881484132333,2.31460390680643e-06,0.000433823573176058,-7.02352784382204e-05,0.00672884627467578
3857.3864143794,-0.000100680343132805,0.000758215463238092,6.29408812059166e-05,0.0119053885304075,2.28333982802802e-06,0.000430829511817877,-6.92722418246978e-05,0.00668252247018134
3884.13796166242,-9.93060324430791e-05,0.000753094697961929,6.20925427130641e-05,0.0118232025711733,2.25249111902644e-06,0.000427856196877251,-6.8322395138257e-05,0.0066365173003205
3911.07503489621,-9.7950376974306e-05,0.000748007137645395,6.12554248509349e-05,0.0117415865033122,2.22205245088074e-06,0.000424903482933341,-6.73855581274282e-05,0.00659082857897941
3938.19892073078,-9.66131263269269e-05,0.000742952595397432,6.04293850709946e-05,0.0116605363239674,2.19201855778646e-06,0.000421971225617617,-6.64615529932737e-05,0.00654545413492996
3965.51091473924,-9.52940333856548e-05,0.000737930884774633,5.9614282472583e-05,0.0115800480594107,2.1623842364575e-06,0.000419059281605622,-6.55502043563083e-05,0.00650039181173082
3993.0123214797,-9.3992854278479e-05,0.000732941819794761,5.88099777885496e-05,0.0115001177648106,2.13314434552888e-06,0.000416167508608792,-6.46513392238525e-05,0.00645563946762882
4020.70445455755,-9.27093483361306e-05,0.000727985214949876,5.80163333708728e-05,0.0114207415240037,2.10429380496107e-06,0.00041329576536636,-6.37647869578249e-05,0.00641119497546117
4048.58863668828,-9.14432780519926e-05,0.000723060885219043,5.72332131762582e-05,0.0113419154492672,2.07582759544551e-06,0.000410443911637336,-6.28903792429561e-05,0.00636705622255814
4076.66619976054,-9.01944090424637e-05,0.000718168646080653,5.64604827517323e-05,0.0112636356810944,2.04774075781192e-06,0.000407611808192555,-6.20279500554299e-05,0.00632322111064644
4104.93848489989,-8.89625100077604e-05,0.000713308313524345,5.56980092202273e-05,0.0111858983879713,2.02002839243725e-06,0.000404799316806799,-6.11773356319368e-05,0.0062796875557531
4133.40684253274,-8.77473526931648e-05,0.000708479704062565,5.49456612661714e-05,0.0111086997661569,1.99268565865656e-06,0.000402006300250995,-6.03383744391422e-05,0.0062364534881101
4162.07263245095,-8.65487118507049e-05,0.000703682634741735,5.42033091210824e-05,0.0110320360394635,1.96570777417596e-06,0.000399232622284478,-5.9510907143557e-05,0.00619351685205941
4190.93722387671,-8.53663652012731e-05,0.000698916923153072,5.34708245491743e-05,0.0109559034590408,1.93909001448771e-06,0.00039647814764733,-5.86947765818129e-05,0.00615087560595885
4220.00199552799,-8.42000933971694e-05,0.000694182387443044,5.27480808329784e-05,0.0108802983031608,1.9128277122875e-06,0.000393742742052781,-5.78898277313293e-05,0.00610852772208826
4249.26833568435,-8.30496799850769e-05,0.000689478846323483,5.20349527589867e-05,0.0108052168770057,1.88691625689432e-06,0.000391026272179684,-5.7095907681374e-05,0.00606647118655659
4278.73764225332,-8.19149113694547e-05,0.00068480611908135,5.13313166033178e-05,0.0107306555124569,1.86135109367269e-06,0.00038832860566506,-5.63128656045062e-05,0.00602470399920922
4308.41132283705,-8.07955767763554e-05,0.000680164025588179,5.0637050117415e-05,0.0106566105678862,1.83612772345762e-06,0.000385649611096702,-5.55405527284035e-05,0.00598322417353623
4338.2907947997,-7.96914682176526e-05,0.00067555238630918,4.99520325137735e-05,0.0105830784279493,1.81124170198218e-06,0.00038298915800585,-5.47788223080602e-05,0.00594202973658089
4368.37748533501,-7.86023804556874e-05,0.000670971022312038,4.92761444517087e-05,0.0105100555033808,1.78668863930813e-06,0.000380347116859937,-5.40275295983605e-05,0.00590111872884904
4398.67283153455,-7.7528110968316e-05,0.000666419755275388,4.86092680231607e-05,0.0104375382307911,1.76246419925912e-06,0.000377723359055385,-5.32865318270137e-05,0.00586048920421878
4429.17828045629,-7.646845991437e-05,0.000661898407496998,4.79512867385472e-05,0.0103655230724653,1.73856409885728e-06,0.000375117756910483,-5.2555688167854e-05,0.00582013922985099
4459.89528919383,-7.54232300995105e-05,0.000657406801901636,4.73020855126594e-05,0.0102940065161636,1.71498410776261e-06,0.00037253018365831,-5.18348597144935e-05,0.00578006688610014
4490.82532494586,-7.43922269424875e-05,0.000652944762048666,4.6661550650613e-05,0.0102229850749245,1.6917200477157e-06,0.000369960513439742,-5.11239094543298e-05,0.00574027026642593
4521.96986508636,-7.33752584417865e-05,0.000648512112139343,4.60295698338482e-05,0.010152455286868,1.66876779198365e-06,0.000367408621296497,-5.04227022428985e-05,0.00570074747730528
4553.33039723509,-7.23721351426719e-05,0.000644108677023841,4.54060321061909e-05,0.0100824137150026,1.64612326480931e-06,0.000364874383164262,-4.97311047785706e-05,0.00566149663814504
4584.90841932869,-7.13826701046124e-05,0.000639734282207993,4.4790827859969e-05,0.0100128569470324,1.62378244086393e-06,0.000362357675865868,-4.90489855775856e-05,0.0056225158811951
4616.7054396922,-7.04066788690939e-05,0.00063538875385979,4.41838488221947e-05,0.00994378159516715,1.60174134470322e-06,0.000359858377104529,-4.83762149494214e-05,0.00558380335146225
4648.72297711114,-6.94439794278086e-05,0.000631071918815587,4.3584988040808e-05,0.00987518429593294,1.57999605022697e-06,0.000357376365457141,-4.77126649724909e-05,0.00554535720662434
4680.96256090399,-6.84943921912242e-05,0.000626783604586087,4.29941398709896e-05,0.00980706170998553,1.55854268014219e-06,0.000354911520367639,-4.70582094701661e-05,0.00550717561694528
4713.42573099534,-6.75577399575217e-05,0.000622523639362048,4.24111999615414e-05,0.00973941052192469,1.53737740542989e-06,0.000352463722140412,-4.64127239871212e-05,0.00546925676519026
4746.11403798933,-6.6633847881907e-05,0.000618291852019774,4.18360652413403e-05,0.00967222744011057,1.51649644481557e-06,0.000350032851933774,-4.57760857659946e-05,0.00543159884654186
4779.02904324382,-6.57225434462827e-05,0.000614088072126342,4.12686339058632e-05,0.00960550919648144,1.49589606424334e-06,0.000347618791753493,-4.5148173724361e-05,0.00539420006851635
4812.17231894485,-6.48236564292876e-05,0.000609912129944619,4.07088054037901e-05,0.00953925254637336,1.47557257635384e-06,0.000345221424446376,-4.45288684320146e-05,0.00535705865088082
4845.54544818188,-6.39370188766899e-05,0.000605763856438038,4.01564804236819e-05,0.00947345426834105,1.45552233996601e-06,0.000342840633693913,-4.3918052088555e-05,0.00532017282557066
4879.1500250233,-6.30624650721382e-05,0.000601643083275159,3.96115608807397e-05,0.0094081111639807,1.43574175956258e-06,0.000340476304005964,-4.33156085012743e-05,0.0052835408366076
4912.98765459257,-6.21998315082637e-05,0.000597549642834013,3.90739499036435e-05,0.00934322005775419,1.41622728477955e-06,0.00033812832071452,-4.27214230633413e-05,0.00524716094001841
4947.05995314498,-6.13489568581288e-05,0.000593483368206233,3.85435518214732e-05,0.00927877779681478,1.39697540989945e-06,0.000335796569967497,-4.21353827322769e-05,0.00521103140375388
4981.36854814472,-6.05096819470223e-05,0.000589444093200983,3.80202721507143e-05,0.0092147812508345,1.37798267334867e-06,0.000333480938722599,-4.15573760087205e-05,0.00517515050760858
5015.91507834275,-5.96818497245935e-05,0.000585431652348675,3.75040175823476e-05,0.00915122731183292,1.3592456571986e-06,0.000331181314741222,-4.09872929154792e-05,0.00513951654314093
5050.70119385496,-5.88653052373264e-05,0.000581445880904505,3.69946959690269e-05,0.00908811289400748,1.34076098667084e-06,0.000328897586582421,-4.04250249768605e-05,0.00510412781359392
5085.72855624109,-5.80598956013447e-05,0.00057748661485178,3.64922163123425e-05,0.00902543493356526,1.3225253296464e-06,0.000326629643596918,-3.98704651982803e-05,0.00506898263381628
5120.998838584,-5.72654699755511e-05,0.000573553690905075,3.59964887501759e-05,0.00896319038855625,1.30453539617887e-06,0.00032437737592117,-3.93235080461478e-05,0.00503407933018418
5156.51372556965,-5.64818795350907e-05,0.000569646946513185,3.55074245441413e-05,0.00890137623870804,1.2867879380117e-06,0.000322140674471477,-3.87840494280177e-05,0.00499941624052341
5192.27491356752,-5.57089774451411e-05,0.000565766219861927,3.50249360671219e-05,0.00883998948526198,1.26927974809946e-06,0.000319919430938157,-3.82519866730116e-05,0.00496499171403213
5228.28411071172,-5.494661883502e-05,0.000561911349876733,3.4548936790894e-05,0.00877902715081066,1.25200766013321e-06,0.000317713537779747,-3.77272185125013e-05,0.00493080411120402
5264.54303698245,-5.41946607726132e-05,0.000558082176225107,3.40793412738471e-05,0.00871848627913697,1.23496854806996e-06,0.000315522888217275,-3.72096450610529e-05,0.00489685180375204
5301.0534242883,-5.34529622391134e-05,0.00055427853931889,3.3616065148795e-05,0.0086583639350543,1.21815932566609e-06,0.000313347376228563,-3.66991677976263e-05,0.00486313317453257
5337.81701654885,-5.27213841040723e-05,0.000550500280316376,3.31590251108828e-05,0.00859865720424836,1.20157694601509e-06,0.000311186896542594,-3.61956895470289e-05,0.00482964661747016
5374.83556977805,-5.1999789100757e-05,0.000546747241124268,3.27081389055871e-05,0.00853936319312016,1.18521840108915e-06,0.00030904134463391,-3.5699114461618e-05,0.00479639053748266
5412.11085216805,-5.12880418018133e-05,0.000543019264399474,3.22633253168136e-05,0.00848047902863048,1.16908072128502e-06,0.00030691061671707,-3.52093480032503e-05,0.00476336335040696
5449.64464417369,-5.05860085952269e-05,0.000539316193550761,3.1824504155088e-05,0.00842200185814555,1.15316097497388e-06,0.000304794609741146,-3.47262969254736e-05,0.00473056348292505
5487.43873859751,-4.98935576605846e-05,0.000535637872740257,3.13915962458465e-05,0.00836392884928411,1.13745626805537e-06,0.000302693221384271,-3.42498692559603e-05,0.00469798937249072
5525.49494067543,-4.92105589456272e-05,0.000531984146884806,3.09645234178197e-05,0.00830625718976576,1.12196374351568e-06,0.000300606350048225,-3.3779974279175e-05,0.00466563946725666
5563.81506816292,-4.8536884143096e-05,0.000528354861657198,3.05432084915169e-05,0.0082489840872606,1.10668058098976e-06,0.000298533894853077,-3.33165225192785e-05,0.00463351222600204
5602.40095142188,-4.78724066678641e-05,0.000524749863487242,3.01275752678052e-05,0.00819210676924007,1.09160399632761e-06,0.000296475755631856,-3.28594257232595e-05,0.00460160611806057
5641.254433508,-4.72170016343563e-05,0.000521168999562727,2.97175485165887e-05,0.00813562248282922,1.07673124116471e-06,0.000294431832925286,-3.2408596844297e-05,0.00456991962324905
5680.37737025889,-4.65705458342463e-05,0.000517612117830236,2.9313053965584e-05,0.00807952849465998,1.06205960249642e-06,0.00029240202797654,-3.19639500253439e-05,0.00453845123179634
5719.77163038263,-4.5932917714436e-05,0.00051407906699585,2.89140182891953e-05,0.00802382209072595,1.0475864022566e-06,0.000290386242726065,-3.15254005829349e-05,0.00450719944427286
5759.43909554709,-4.53039973553072e-05,0.000510569696525712,2.8520369097486e-05,0.0079685005762381,1.03330899690016e-06,0.000288384379806425,-3.10928649912104e-05,0.00447616277152048
5799.38166046975,-4.46836664492487e-05,0.000507083856646492,2.81320349252515e-05,0.00791356127548199,1.0192247769898e-06,0.0002863963425372,-3.06662608661585e-05,0.00444533973458296
5839.60123300829,-4.40718082794492e-05,0.000503621398345711,2.77489452211876e-05,0.00785900153167589,1.00533116678667e-06,0.000284422034919927,-3.02455069500677e-05,0.0044147288646367
5880.09973425162,-4.34683076989601e-05,0.000500182173371978,2.73710303371597e-05,0.00780481870683035,9.91625623845144e-07,0.000282461361633072,-2.98305230961914e-05,0.00438432870292216
5920.87909861173,-4.28730511100178e-05,0.00049676603423509,2.69982215175691e-05,0.0077510101816087,9.78105638611585e-07,0.000280514228027056,-2.94212302536174e-05,0.00435413780067548
5961.94127391598,-4.228592644363e-05,0.00049337283420605,2.66304508888186e-05,0.00769757335518892,9.64768734027142e-07,0.000278580540119313,-2.90175504523446e-05,0.00432415471906081
6003.28822150028,-4.17068231394163e-05,0.000490002427316953,2.62676514488763e-05,0.00764450564512647,9.51612465134487e-07,0.000276660204589392,-2.86194067885583e-05,0.0042943780291028
6044.92191630263,-4.11356321257054e-05,0.000486654668360799,2.59097570569374e-05,0.00759180448721843,9.38634418688594e-07,0.000274753128774098,-2.82267234101075e-05,0.00426480631161984
6086.84434695757,-4.05722457998821e-05,0.000483329412891179,2.55567024231841e-05,0.0075394673353686,9.2583221277141e-07,0.000272859220662669,-2.7839425502176e-05,0.00423543815715747
6129.05751589107,-4.0016558008985e-05,0.000480026517221888,2.52084230986445e-05,0.00748749166145386,9.1320349641054e-07,0.000270978388892,-2.74574392731493e-05,0.00420627216592243
6171.56343941625,-3.94684640305473e-05,0.000476745838426421,2.48648554651476e-05,0.00743587495519147,9.00745949201779e-07,0.000269110542741897,-2.70806919406707e-05,0.00417730694771697
6214.36414782964,-3.89278605536838e-05,0.000473487234337404,2.45259367253773e-05,0.00738461472400764,8.88457280935627e-07,0.000267255592130375,-2.67091117178886e-05,0.00414854112187379
6257.46168550822,-3.83946456604149e-05,0.000470250563545908,2.41916048930225e-05,0.00733370849290701,8.76335231227609e-07,0.000265413447608993,-2.63426277998867e-05,0.00411997331719119
6300.85811100697,-3.78687188072308e-05,0.000467035685400699,2.38617987830254e-05,0.00728315380434336,8.64377569152552e-07,0.000263584020358222,-2.59811703503011e-05,0.00409160217186888
6344.55549715731,-3.73499808068879e-05,0.000463842460007389,2.35364580019249e-05,0.00723294821809119,8.52582092882604e-07,0.000261767222182859,-2.56246704881155e-05,0.00406342633344397
6388.55593116599,-3.68383338104398e-05,0.000460670748227515,2.32155229382984e-05,0.00718308931111856,8.40946629329183e-07,0.000259962965507467,-2.52730602746382e-05,0.00403544445872765
6432.86151471492,-3.63336812894944e-05,0.000457520411677529,2.28989347532973e-05,0.0071335746774607,8.29469033788628e-07,0.00025817116337186,-2.49262727006522e-05,0.00400765521374198
6477.47436406142,-3.58359280187007e-05,0.000454391312727723,2.258663537128e-05,0.00708440192809502,8.18147189591718e-07,0.000256391729426624,-2.4584241673743e-05,0.00398005727365744
6522.39661013943,-3.5344980058457e-05,0.000451283314501064,2.2278567470539e-05,0.00703556869081667,8.06979007756873e-07,0.000254624577928663,-2.42469020057941e-05,0.00395264932273058
6567.63039866118,-3.48607447378421e-05,0.00044819628087197,2.19746744741235e-05,0.00698707261011557,7.95962426647148e-07,0.000252869623736798,-2.39141894006555e-05,0.00392543005424233
6613.17789021977,-3.43831306377636e-05,0.000445130076465004,2.16749005407555e-05,0.00693891134705404,7.85095411630889e-07,0.000251126782307382,-2.35860404419768e-05,0.00389839817043652
6659.0412603923,-3.39120475743244e-05,0.000442084566653509,2.13791905558412e-05,0.00689108257914575,7.74375954746119e-07,0.000249395969689968,-2.32623925812069e-05,0.00387155238245898
6705.22269984387,-3.34474065823999e-05,0.000439059617558164,2.10874901225743e-05,0.00684358400023535,7.63802074368536e-07,0.000247677102522995,-2.29431841257545e-05,0.0038448914102969
6751.7244144321,-3.29891198994295e-05,0.000436055096045491,2.07997455531338e-05,0.00679641332037932,7.53371814883203e-07,0.000245970098029521,-2.26283542273116e-05,0.0038184139827187
6798.54862531261,-3.25371009494131e-05,0.000433070869726284,2.05159038599728e-05,0.00674956826572757,7.43083246359796e-07,0.000244274874012982,-2.23178428703328e-05,0.00379211883721427
6845.69756904508,-3.20912643271164e-05,0.000430106806953985,2.02359127472004e-05,0.00670304657840614,7.32934464231467e-07,0.000242591348852985,-2.20115908606726e-05,0.0037660047199355
6893.17349769999,-3.16515257824787e-05,0.000427162776823002,1.99597206020549e-05,0.00665684601640081,7.22923588977278e-07,0.000240919441501143,-2.17095398143762e-05,0.00374007038563745
6940.97867896634,-3.12178022052208e-05,0.000424238649166961,1.96872764864673e-05,0.00661096435344151,7.13048765808122e-07,0.000239259071476927,-2.14116321466224e-05,0.00371431459761961
6989.11539625983,-3.0790011609654e-05,0.000421334294556913,1.94185301287161e-05,0.00656539937888786,7.03308164356211e-07,0.000237610158863565,-2.11178110608166e-05,0.00368873612766782
7037.58594883204,-3.03680731196825e-05,0.000418449584299482,1.91534319151709e-05,0.00652014889761543,6.93699978367988e-07,0.000235972624303965,-2.08280205378316e-05,0.00366333375599637
7086.39265188015,-2.99519069540023e-05,0.000415584390434958,1.88919328821262e-05,0.00647521072990308,6.84222425400547e-07,0.000234346388996677,-2.05422053253948e-05,0.00363810627119066
7135.53783665763,-2.95414344114897e-05,0.000412738585735346,1.86339847077232e-05,0.00643058271132098,6.74873746521424e-07,0.000232731374691874,-2.02603109276194e-05,0.00361305247015007
7185.02385058548,-2.91365778567808e-05,0.000409912043702359,1.83795397039604e-05,0.00638626269261978,6.65652206011846e-07,0.000231127503687381,-1.99822835946774e-05,0.00358817115803138
7234.85305736446,-2.87372607060362e-05,0.00040710463856537,1.81285508087906e-05,0.00634224853962038,6.56556091073298e-07,0.00022953469882472,-1.97080703126133e-05,0.00356346114819241
7285.02783708791,-2.83434074128922e-05,0.000404316245279316,1.78809715783062e-05,0.00629853813310483,6.47583711537481e-07,0.000227952883485196,-1.94376187932958e-05,0.00353892126213618
7335.55058635552,-2.79549434545929e-05,0.000401546739522552,1.76367561790092e-05,0.00625512936870788,6.38733399579551e-07,0.000226381981586007,-1.91708774645061e-05,0.00351455032945532
7386.42371838768,-2.75717953183038e-05,0.000398795997694673,1.73958593801685e-05,0.00621202015680952,6.30003509434679e-07,0.000224821917576391,-1.89077954601612e-05,0.00349034718777696
7437.64966314091,-2.71938904876023e-05,0.000396063896914284,1.71582365462609e-05,0.0061692084224283,6.21392417117849e-07,0.000223272616433794,-1.86483226106692e-05,0.00346631068270787
7489.23086742376,-2.68211574291452e-05,0.000393350315016742,1.69238436294973e-05,0.00612669210511551,6.12898520146904e-07,0.000221734003660074,-1.83924094334166e-05,0.00344243966778011
7541.16979501382,-2.64535255795085e-05,0.000390655130551841,1.66926371624322e-05,0.00608446915885017,6.04520237268792e-07,0.000220206005277736,-1.81400071233843e-05,0.00341873300439688
7593.46892677528,-2.60909253322005e-05,0.000387978222781483,1.64645742506566e-05,0.0060425375519349,5.96256008189e-07,0.000218688547826187,-1.78910675438914e-05,0.0033951895617789
7646.13076077758,-2.57332880248429e-05,0.00038531947167729,1.62396125655732e-05,0.00600089526689249,5.88104293304119e-07,0.000217181558358031,-1.76455432174647e-05,0.00337180821691099
7699.15781241454,-2.53805459265198e-05,0.000382678757918202,1.60177103372539e-05,0.00595954030036342,5.80063573437559e-07,0.000215684964435386,-1.74033873168326e-05,0.00334858785448916
7752.55261452471,-2.50326322252921e-05,0.000380055962888024,1.57988263473774e-05,0.00591847066300405,5.72132349578329e-07,0.000214198694126226,-1.71645536560408e-05,0.0033255273668679
7806.31771751215,-2.46894810158752e-05,0.000377450968672956,1.55829199222486e-05,0.00587768437938572,5.64309142622909e-07,0.000212722676000765,-1.69289966816902e-05,0.00330262565400797
7860.45568946846,-2.43510272874774e-05,0.000374863658059075,1.53699509258969e-05,0.00583717948789449,5.56592493120137e-07,0.000211256839127849,-1.66966714642919e-05,0.00327988162342445
7914.96911629522,-2.40172069117983e-05,0.000372293914529809,1.51598797532542e-05,0.00579695404063183,5.48980961019132e-07,0.000209801113071395,-1.64675336897423e-05,0.00325729419013513
7969.86060182773,-2.36879566311839e-05,0.000369741622263361,1.4952667323411e-05,0.00575700610331591,5.41473125420168e-07,0.000208355427886843,-1.62415396509118e-05,0.00323486227660933
8025.13276795918,-2.33632140469372e-05,0.000367206666130119,1.47482750729509e-05,0.00571733375518384,5.34067584328536e-07,0.000206919714117643,-1.60186462393497e-05,0.00321258481271697
8080.78825476607,-2.30429176077822e-05,0.000364688931690032,1.45466649493614e-05,0.00567793508889441,5.26762954411294e-07,0.000205493902791764,-1.57988109371008e-05,0.00319046073567803
8136.82972063413,-2.27270065984793e-05,0.000362188305189971,1.43477994045225e-05,0.0056388082104319,5.19557870756958e-07,0.000204077925418236,-1.55819918086346e-05,0.00316848899001238
8193.25984238548,-2.24154211285901e-05,0.000359704673561048,1.41516413882696e-05,0.00559995123901032,5.1245098663802e-07,0.000202671713983709,-1.53681474928829e-05,0.00314666852748983
8250.08131540631,-2.21081021213903e-05,0.000357237924415934,1.3958154342033e-05,0.00556136230697863,5.05440973276346e-07,0.000201275200949048,-1.51572371953872e-05,0.00312499830708067
8307.29685377578,-2.1804991302928e-05,0.000354787946046133,1.37673021925504e-05,0.00552303955972653,4.98526519611356e-07,0.000199888319245948,-1.49492206805517e-05,0.00310347729490645
8364.90919039556,-2.15060311912263e-05,0.000352354627419252,1.35790493456549e-05,0.00548498115559107,4.9170633207102e-07,0.000198511002273574,-1.47440582640032e-05,0.00308210446419109
8422.92107712043,-2.12111650856277e-05,0.000349937858176237,1.33933606801345e-05,0.0054471852657639,4.84979134345586e-07,0.000197143183895232,-1.45417108050535e-05,0.00306087879521232
8481.33528488963,-2.09203370562799e-05,0.000347537528628604,1.32102015416651e-05,0.00540965007419932,4.7834366716407e-07,0.000195784798435059,-1.43421396992661e-05,0.00303979927525354
8540.15460385936,-2.06334919337584e-05,0.000345153529755633,1.30295377368147e-05,0.00537237377752292,4.71798688073415e-07,0.000194435780674741,-1.41453068711224e-05,0.00301886489855583
8599.38184353586,-2.03505752988284e-05,0.000342785753201565,1.28513355271194e-05,0.00533535458494105,4.65342971220361e-07,0.000193096065850258,-1.39511747667896e-05,0.00299807466627047
8659.01983290984,-2.00715334723396e-05,0.000340434091272763,1.26755616232288e-05,0.00529859071815083,4.58975307135939e-07,0.000191765589648648,-1.37597063469855e-05,0.00297742758641163
8719.07142059136,-1.97963135052558e-05,0.000338098436934873,1.2502183179122e-05,0.00526208041125103,4.52694502522608e-07,0.000190444288204801,-1.35708650799415e-05,0.00295692267380948
8779.53947494611,-1.9524863168816e-05,0.000335778683809958,1.23311677863923e-05,0.00522582191065342,4.46499380043969e-07,0.000189132098098272,-1.33846149344615e-05,0.00293655895006352
8840.42688423224,-1.92571309448254e-05,0.000333474726173626,1.21624834686007e-05,0.00518981347499498,4.40388778117067e-07,0.000187828956350123,-1.32009203730748e-05,0.00291633544349639
8901.73655673848,-1.89930660160746e-05,0.000331186458952134,1.19960986756964e-05,0.00515405337505063,4.34361550707213e-07,0.000186534800419787,-1.30197463452827e-05,0.00289625118910773
8963.47142092288,-1.87326182568864e-05,0.000328913777719497,1.18319822785051e-05,0.00511853989364677,4.28416567125353e-07,0.000185249568201951,-1.28410582808974e-05,0.00287630522852867
9025.63442555289,-1.84757382237871e-05,0.000326656578694563,1.16701035632833e-05,0.00508327132557528,4.22552711827886e-07,0.000183973198023471,-1.26648220834708e-05,0.0028564966099763
9088.228539846,-1.82223771463018e-05,0.000324414758738097,1.15104322263389e-05,0.00504824597750843,4.1676888421899e-07,0.000182705628640301,-1.24910041238142e-05,0.00283682438820876
9151.25675361174,-1.79724869178709e-05,0.000322188215349836,1.13529383687159e-05,0.00501346216791412,4.11063998455343e-07,0.000181446799234452,-1.23195712336052e-05,0.00281728762448035
9214.72207739435,-1.77260200868887e-05,0.000319976846665552,1.11975924909444e-05,0.00497891822697209,4.05436983253287e-07,0.000180196649410972,-1.21504906990826e-05,0.00279788538649717
9278.6275426167,-1.74829298478589e-05,0.00031778055145409,1.10443654878543e-05,0.00494461249649046,3.99886781698358e-07,0.000178955119194945,-1.19837302548261e-05,0.00277861674837291
9342.97620172496,-1.72431700326696e-05,0.000315599229114409,1.08932286434518e-05,0.00491054332982316,3.94412351057186e-07,0.000177722149028517,-1.18192580776229e-05,0.00275948079058501
9407.77112833456,-1.70066951019819e-05,0.000313432779672608,1.07441536258584e-05,0.00487670909178775,3.89012662591719e-07,0.000176497679767939,-1.16570427804156e-05,0.00274047659993112
9473.0154173768,-1.67734601367354e-05,0.000311281103778948,1.0597112482312e-05,0.00484310815858405,3.83686701375775e-07,0.000175281652680642,-1.14970534063342e-05,0.0027216032694858
9538.71218524687,-1.65434208297643e-05,0.000309144102704865,1.04520776342291e-05,0.00480973891771325,3.78433466113848e-07,0.00017407400944232,-1.13392594228093e-05,0.00270285989855756
9604.86456995261,-1.63165334775268e-05,0.000307021678339979,1.03090218723273e-05,0.00477659976789768,3.732519689622e-07,0.000172874692134043,-1.11836307157647e-05,0.0026842455926462
9671.47573126437,-1.60927549719436e-05,0.000304913733189101,1.01679183518084e-05,0.00474368911900123,3.68141235352177e-07,0.000171683643239394,-1.10301375838908e-05,0.00266575946340037
9738.54885086602,-1.58720427923451e-05,0.000302820170369223,1.00287405875997e-05,0.00471100539195022,3.63100303815723e-07,0.000170500805641619,-1.08787507329944e-05,0.0026474006285755
9806.08713250685,-1.56543549975265e-05,0.000300740893606516,9.8914624496552e-06,0.00467854701865504,3.58128225813101e-07,0.000169326122620806,-1.07294412704273e-05,0.00262916821199199
9874.09380215466,-1.54396502179078e-05,0.000298675807233319,9.75605815831376e-06,0.00464631244193221,3.53224065562753e-07,0.000168159537851077,-1.05821806995894e-05,0.00261106134349362
9942.57210814976,-1.5227887647799e-05,0.000296624816185128,9.6225022797154e-06,0.00461430011542719,3.48386899873313e-07,0.000167000995397811,-1.04369409145078e-05,0.00259307915890633
10011.5253213603,-1.50190270377682e-05,0.000294587825997571,9.49076972127398e-06,0.0045825085035376,3.43615817977714e-07,0.000165850439714875,-1.02936941944897e-05,0.00257522079999723
10080.9567353381,-1.48130286871117e-05,0.0002925647428034,9.36083572720635e-06,0.00455093608133713,3.38909921369408e-07,0.000164707815641887,-1.01524131988482e-05,0.00255748541443394
10150.8696664767,-1.46098534364241e-05,0.000290555473329459,9.2326758741168e-06,0.00451958133449995,3.34268323640625e-07,0.000163573068401492,-1.00130709617e-05,0.00253987215574408
10221.267454169,-1.44094626602684e-05,0.000288559924893671,9.10626606663673e-06,0.00448844275922574,3.29690150322697e-07,0.000162446143596662,-9.87564088683429e-06,0.00252238018327521
10292.1534609671,-1.42118182599429e-05,0.00028657800540201,8.98158253311846e-06,0.00445751886216519,3.25174538728375e-07,0.000161326987208011,-9.74009674265158e-06,0.00250500866215489
10363.5310727429,-1.40168826563459e-05,0.000284609623345479,8.85860182138302e-06,0.00442680816034619,3.20720637796174e-07,0.000160215545591139,-9.60641265717196e-06,0.00248775676325111
10435.4036988501,-1.38246187829352e-05,0.000282654687797082,8.73730079452089e-06,0.00439630918110037,3.16327607936656e-07,0.000159111765473982,-9.47456311311093e-06,0.00247062366313293
10507.7747722864,-1.36349900787815e-05,0.000280713108408809,8.61765662674555e-06,0.00436602046199041,3.11994620880689e-07,0.000158015593954195,-9.34452294302316e-06,0.00245360854403142
10580.647749858,-1.34479604817152e-05,0.000278784795408605,8.49964679929883e-06,0.00433594055073769,3.0772085952962e-07,0.000156926978496544,-9.21626732451189e-06,0.00243671059380083
10654.0261123446,-1.32634944215647e-05,0.000276869659597353,8.3832490964079e-06,0.00430606800515063,3.03505517807362e-07,0.000155845866930327,-9.08977177550449e-06,0.00241992900588011
10727.9133646656,-1.30815568134853e-05,0.000274967612345854,8.26844160129273e-06,0.00427640139305343,2.99347800514349e-07,0.000154772207446801,-8.9650121495918e-06,0.00240326297925453
10802.3130360475,-1.29021130513772e-05,0.000273078565591809,8.15520269222446e-06,0.00424693929221544,2.95246923183378e-07,0.00015370594859664,-8.84196463143188e-06,0.00238671171841775
10877.2286801926,-1.27251290013919e-05,0.000271202431836799,8.0435110386326e-06,0.00421768029028096,2.9120211193726e-07,0.000152647039287406,-8.72060573221581e-06,0.00237027443333399
10952.6638754485,-1.25505709955256e-05,0.000269339124143281,7.9333455972623e-06,0.00418862298469966,2.87212603348318e-07,0.000151595428781038,-8.6009122851962e-06,0.0023539503394006
11028.6222249794,-1.23784058252984e-05,0.000267488556131568,7.82468560837941e-06,0.00415976598265742,2.8327764429966e-07,0.000150551066691361,-8.48286144127603e-06,0.00233773865741069
11105.1073569377,-1.22086007355183e-05,0.000265650641976831,7.71751059202418e-06,0.00413110790100772,2.79396491848243e-07,0.000149513902981613,-8.36643066465848e-06,0.00232163861351627
11182.1229246378,-1.20411234181287e-05,0.00026382529640609,7.61180034431197e-06,0.00410264736620353,2.75568413089678e-07,0.000148483887961991,-8.25159772855559e-06,0.00230564943919139
11259.6726067303,-1.18759420061387e-05,0.000262012434695221,7.50753493378125e-06,0.00407438301422971,2.71792685024787e-07,0.00014746097228721,-8.13834071095609e-06,0.0022897703711957
11337.7601073777,-1.17130250676347e-05,0.000260211972665954,7.40469469778771e-06,0.00404631349053587,2.68068594427853e-07,0.000146445106954088,-8.02663799045055e-06,0.00227400065153818
11416.3891564316,-1.15523415998727e-05,0.000258423826682891,7.30326023894454e-06,0.00401843744996979,2.64395437716583e-07,0.00014543624329914,-7.91646824211417e-06,0.00225833952744116
11495.5635096105,-1.13938610234492e-05,0.000256647913650513,7.20321242160768e-06,0.00399075355671122,2.60772520823731e-07,0.000144434332996197,-7.80781043344521e-06,0.00224278625130453
11575.2869486794,-1.12375531765514e-05,0.000254884151010211,7.1045323684062e-06,0.00396326048420632,2.57199159070379e-07,0.000143439328054036,-7.7006438203596e-06,0.00222734008067025
11655.5632816306,-1.10833883092837e-05,0.000253132456737298,7.00720145681673e-06,0.0039359569151024,2.53674677040852e-07,0.000142451180814031,-7.59494794323965e-06,0.00221200027818706
11736.3963428651,-1.09313370780718e-05,0.000251392749338053,6.91120131578182e-06,0.00390884154118327,2.5019840845925e-07,0.000141469843947823,-7.49070262303736e-06,0.00219676611157545
11817.7899933763,-1.07813705401399e-05,0.000249664947846749,6.81651382237136e-06,0.00388191306330502,2.46769696067562e-07,0.000140495270454998,-7.38788795743051e-06,0.00218163685359289
11899.7481209338,-1.06334601480648e-05,0.000247948971822705,6.72312109848706e-06,0.00385517019133227,2.43387891505376e-07,0.000139527413660794,-7.28648431703179e-06,0.00216661178199924
11982.2746402699,-1.04875777444011e-05,0.000246244741347329,6.63100550760868e-06,0.00382861164407484,2.40052355191125e-07,0.000138566227213814,-7.18647234164922e-06,0.00215169017952242
12065.3734932659,-1.034369555638e-05,0.000244552177021178,6.54014965158264e-06,0.003802236149225,2.36762456204888e-07,0.000137611665083763,-7.08783293659825e-06,0.00213687133382438
12149.0486491407,-1.02017861906786e-05,0.000242871199961021,6.45053636745116e-06,0.00377604244329502,2.33517572172695e-07,0.000136663681559196,-6.9905472690638e-06,0.00212215453746718
12233.3041046402,-1.0061822628261e-05,0.000241201731796914,6.36214872432293e-06,0.00375002927155533,2.30317089152346e-07,0.000135722231245289,-6.89459676451253e-06,0.00210753908787938
12318.1438842285,-9.92377821928669e-06,0.000239543694669272,6.27497002028323e-06,0.00372419538797296,2.27160401520701e-07,0.000134787269061614,-6.79996310315364e-06,0.00209302428732268
12403.5720402798,-9.78762667809012e-06,0.000237897011225959,6.18898377934469e-06,0.00369853955515065,2.24046911862448e-07,0.000133858750239946,-6.70662821644864e-06,0.00207860944285869
12489.5926532723,-9.65334207822568e-06,0.000236261604619381,6.10417374843658e-06,0.00367306054426613,2.20976030860297e-07,0.000132936630322075,-6.61457428366833e-06,0.00206429386631603
12576.2098319827,-9.520898847581e-06,0.000234637398503589,6.02052389443364e-06,0.00364775713501212,2.17947177186629e-07,0.000132020865157632,-6.52378372849735e-06,0.0020500768742576
12663.427713683,-9.39027176355518e-06,0.000233024317031387,5.93801840122269e-06,0.00362262811553653,2.14959777396534e-07,0.000131111410901944,-6.43423921568471e-06,0.0020359577879481
12751.2504643373,-9.26143594830281e-06,0.000231422284851452,5.85664166680769e-06,0.00359767228238325,2.12013265822257e-07,0.000130208224013887,-6.34592364774061e-06,0.00202193593332171
12839.6822788018,-9.13436686404139e-06,0.000229831227105458,5.77637830045182e-06,0.00357288844043328,2.09107084469012e-07,0.000129311261253767,-6.25882016167797e-06,0.00200801064095008
12928.7273810244,-9.00904030842283e-06,0.00022825106942522,5.69721311985694e-06,0.00354827540284635,2.06240682912164e-07,0.000128420479681214,-6.17291212579904e-06,0.00199418124601048
13018.3900242466,-8.88543240996669e-06,0.000226681737929826,5.61913114837929e-06,0.00352383199100289,2.03413518195745e-07,0.000127535836653087,-6.08818313652543e-06,0.00198044708825417
13108.6744912069,-8.76351962355576e-06,0.000225123159222802,5.54211761228161e-06,0.00349955703444651,2.00625054732312e-07,0.000126657289821396,-6.00461701527207e-06,0.00196680751197503
13199.5850943454,-8.64327872599181e-06,0.000223575260389268,5.46615793802066e-06,0.00347544937082679,1.97874764204093e-07,0.000125784797131242,-5.92219780536342e-06,0.00195326186597833
13291.1261760091,-8.52468681161197e-06,0.000222037968993114,5.39123774957027e-06,0.00345150784584259,1.9516212546545e-07,0.000124918316818767,-5.84090976899233e-06,0.00193980950354977
13383.3021086605,-8.4077212879638e-06,0.000220511213074179,5.31734286577892e-06,0.0034277313131857,1.92486624446601e-07,0.000124057807409122,-5.76073738422015e-06,0.00192644978242474
13476.1172950852,-8.29235987153914e-06,0.000218994921145444,5.24445929776193e-06,0.00340411863448487,1.8984775405862e-07,0.000123203227714448,-5.68166534201808e-06,0.00191318206475772
13569.576168603,-8.17858058356564e-06,0.000217489022190233,5.1725732463276e-06,0.00338066867925037,1.87245014099672e-07,0.000122354536831874,-5.6036785433491e-06,0.00190000571709199
13663.6831932795,-8.06636174585477e-06,0.000215993445659423,5.1016710994367e-06,0.00335738032481881,1.84677911162482e-07,0.000121511694141525,-5.5267620962895e-06,0.00188692011032942
13758.4428641392,-7.95568197670656e-06,0.000214508121468665,5.03173942969544e-06,0.00333425245629842,1.82145958543023e-07,0.000120674659304547,-5.45090131319022e-06,0.00187392461970062
13853.8597073802,-7.84652018686917e-06,0.000213032979995617,4.96276499188079e-06,0.00331128396651472,1.79648676150401e-07,0.000119843392261147,-5.37608170787665e-06,0.00186101862473514
13949.9382805904,-7.73885557555357e-06,0.000211567952077183,4.89473472049852e-06,0.00328847375595661,1.77185590417924e-07,0.000119017853228645,-5.30228899288715e-06,0.00184820150923198
14046.6831729655,-7.63266762650171e-06,0.000210112969006765,4.82763572737279e-06,0.00326582073272276,1.74756234215344e-07,0.000118198002699541,-5.22950907674892e-06,0.00183547266123026
14144.0990055278,-7.52793610410836e-06,0.00020866796253153,4.76145529926766e-06,0.0032433238124685,1.72360146762257e-07,0.000117383801439595,-5.15772806129166e-06,0.0018228314729801
14242.190431347,-7.42464104959496e-06,0.000207232864849673,4.69618089553933e-06,0.00322098191835297,1.69996873542636e-07,0.000116575210485921,-5.08693223899751e-06,0.00181027734091368
14340.9621357626,-7.32276277723574e-06,0.00020580760860771,4.63180014581961e-06,0.00319879398098677,1.676659662205e-07,0.000115772191145099,-5.0171080903877e-06,0.00179780966561654
14440.4188366077,-7.22228187063445e-06,0.000204392126897766,4.56830084772926e-06,0.00317675893837988,1.6536698255669e-07,0.000114974704991288,-4.94824228144457e-06,0.00178542785179901
14540.5652844341,-7.12317917905201e-06,0.000202986353254885,4.5056709646218e-06,0.00315487573589004,1.63099486326745e-07,0.000114182713864371,-4.88032166106933e-06,0.00177313130826794
14641.4062627396,-7.02543581378343e-06,0.000201590221654339,4.44389862335655e-06,0.00313314332617142,1.60863047239863e-07,0.000113396179868093,-4.81333325857416e-06,0.00176091944789846
14742.946588196,-6.92903314458427e-06,0.000200203666508963,4.38297211210127e-06,0.00311156066912372,1.58657240858932e-07,0.00011261506536823,-4.74726428120904e-06,0.00174879168760612
14845.1911108798,-6.83395279614506e-06,0.000198826622666486,4.32287987816335e-06,0.00309012673184162,1.5648164852162e-07,0.000111839332990761,-4.68210211172216e-06,0.0017367474483191
14948.1447145032,-6.74017664461398e-06,0.000197459025406884,4.26361052584985e-06,0.00306884048856457,1.54335857262507e-07,0.000111068945620053,-4.61783430595397e-06,0.00172478615495062
15051.8123166476,-6.64768681416619e-06,0.00019610081043974,4.20515281435541e-06,0.00304770092062693,1.52219459736248e-07,0.000110303866397065,-4.55444859046389e-06,0.00171290723637159
15156.1988689989,-6.55646567362012e-06,0.000194751913901615,4.14749565567829e-06,0.00302670701640854,1.50132054141759e-07,0.000109544058717558,-4.49193286018986e-06,0.0017011101253834
15261.3093575835,-6.46649583309925e-06,0.00019341227235343,4.09062811256349e-06,0.00300585777128554,1.48073244147393e-07,0.000108789486230323,-4.43027517613961e-06,0.00168939425869091
15367.1488030065,-6.37776014073956e-06,0.000192081822777862,4.03453939647343e-06,0.00298515218758162,1.46042638817128e-07,0.000108040112835419,-4.36946376311382e-06,0.00167775907687566
15473.7222606918,-6.2902416794412e-06,0.000190760502576749,3.97921886558499e-06,0.00296458927451959,1.44039852537718e-07,0.000107295902682422,-4.30948700746023e-06,0.00166620402436916
15581.0348211234,-6.20392376366465e-06,0.000189448249568508,3.92465602281331e-06,0.0029441680481733,1.42064504946816e-07,0.000106556820168692,-4.25033345485872e-06,0.00165472854942654
15689.0916100885,-6.11878993627002e-06,0.000188145001985563,3.87084051386148e-06,0.00292388753141985,1.40116220862055e-07,0.000105822829937644,-4.1919918081365e-06,0.00164333210410015
15797.8977889225,-6.03482396539952e-06,0.000186850698471786,3.81776212529617e-06,0.00290374675389226,1.38194630211064e-07,0.000105093896877042,-4.13445092511348e-06,0.00163201414421358
15907.4585547554,-5.95200984140194e-06,0.00018556527807995,3.7654107826485e-06,0.00288374475193236,1.36299367962419e-07,0.000104369986117292,-4.07769981647689e-06,0.00162077412933565
16017.7791407599,-5.87033177379926e-06,0.000184288680269192,3.71377654854033e-06,0.00286388056854408,1.34430074057515e-07,0.000103651063029761,-4.02172764368524e-06,0.00160961152275473
16128.8648164017,-5.78977418829403e-06,0.000183020844902488,3.662849620835e-06,0.00284415325334704,1.3258639334333e-07,0.000102937093225096,-3.96652371690077e-06,0.00159852579145316
16240.720887691,-5.71032172381779e-06,0.000181761712244142,3.61262033081295e-06,0.00282456186253049,1.30767975506103e-07,0.000102228042551561,-3.91207749295049e-06,0.00158751640608183
16353.352697436,-5.63195922961917e-06,0.000180511222957284,3.56307914137107e-06,0.00280510545880757,1.28974475005881e-07,0.000101523877093389,-3.8583785733148e-06,0.00157658284093502
16466.765625498,-5.55467176239199e-06,0.000179269318101382,3.51421664524642e-06,0.00278578311136991,1.27205551011944e-07,0.000100824563169134,-3.80541670214406e-06,0.00156572457392532
16580.9650890484,-5.47844458344193e-06,0.000178035939129764,3.46602356326304e-06,0.00276659389584251,1.25460867339086e-07,0.000100130067330049,-3.75318176430198e-06,0.00155494108655875
16695.9565428276,-5.4032631558921e-06,0.000176811027887154,3.41849074260239e-06,0.002747536894239,1.23740092384753e-07,9.94403563584652e-05,-3.70166378343604e-06,0.0015442318639101
16811.7454794054,-5.32911314192619e-06,0.000175594526607217,3.3716091550965e-06,0.00272861119491717,1.22042899067009e-07,9.87553972661859e-05,-3.65085292007422e-06,0.00153359639459836
16928.3374294433,-5.25598040006953e-06,0.00017438637791012,3.325369895544e-06,0.00270981589253483,1.2036896476334e-07,9.80751572928934e-05,-3.60073946974793e-06,0.00152303417076238
17045.737961959,-5.18385098250666e-06,0.0001731865248001,3.27976418004836e-06,0.00269115008800599,1.18717971250266e-07,9.73996039045644e-05,-3.55131386114046e-06,0.00151254468803665
17163.9526845917,-5.11271113243573e-06,0.00017199491066305,3.2347833443783e-06,0.00267261288845735,1.17089604643766e-07,9.6728704791899e-05,-3.50256665426105e-06,0.0015021274455273
17282.9872438709,-5.04254728145863e-06,0.000170811479264108,3.19041884235005e-06,0.00265420340718508,1.15483555340494e-07,9.60624278687581e-05,-3.45448853864371e-06,0.00149178194578821
17402.8473254854,-4.9733460470068e-06,0.000169636174745271,3.14666224423106e-06,0.00263592076361196,1.13899517959786e-07,9.54007412706154e-05,-3.40707033157101e-06,0.0014815076947973
17523.5386545551,-4.90509422980181e-06,0.000168468941623008,3.10350523516498e-06,0.00261776408324471,1.12337191286433e-07,9.47436133530163e-05,-3.36030297632187e-06,0.00147130420193301
17645.0669959044,-4.83777881135084e-06,0.000167309724785892,3.06093961361772e-06,0.00259973249763179,1.1079627821423e-07,9.40910126900516e-05,-3.31417754044372e-06,0.00146117097995093
17767.4381543379,-4.77138695147576e-06,0.000166158469492244,3.018957289844e-06,0.00258182514432132,1.09276485690274e-07,9.34429080728381e-05,-3.26868521404798e-06,0.00145110754496054
17890.6579749169,-4.70590598587634e-06,0.000165015121367788,2.97755028437464e-06,0.00256404116681944,1.07777524660008e-07,9.2799268508014e-05,-3.22381730812925e-06,0.00144111341640219
18014.7323432395,-4.64132342372615e-06,0.000163879626403313,2.93671072652372e-06,0.00254637971454886,1.06299110013e-07,9.21600632162408e-05,-3.17956525290719e-06,0.00143118811702415
18139.667185721,-4.57762694530158e-06,0.000162751930952359,2.8964308529159e-06,0.00252883994280781,1.04840960529455e-07,9.15252616307192e-05,-3.13592059619142e-06,0.00142133117285994
18265.4684698776,-4.51480439964277e-06,0.0001616319817289,2.85670300603324e-06,0.00251142101272917,1.03402798827429e-07,9.08948333957131e-05,-3.09287500176858e-06,0.00141154211320566
18392.1422046107,-4.45284380224671e-06,0.000160519725805057,2.81751963278151e-06,0.00249412209123994,1.01984351310771e-07,9.02687483650858e-05,-3.05042024781174e-06,0.00140182047059762
18519.6944404947,-4.39173333279142e-06,0.0001594151106088,2.77887328307562e-06,0.00247694235102102,1.00585348117742e-07,8.96469766008441e-05,-3.00854822531132e-06,0.00139216578079
18648.1312700654,-4.33146133289149e-06,0.000158318083921687,2.74075660844398e-06,0.00245988097046726,9.92055230703357e-08,8.90294883716964e-05,-2.96725093652782e-06,0.00138257758273278
18777.4588281112,-4.27201630388378e-06,0.000157228593876594,2.70316236065144e-06,0.00244293713364773,9.78446136242785e-08,8.84162541516164e-05,-2.9265204934655e-06,0.00137305541854973
18907.6832919665,-4.21338690464357e-06,0.000156146588955472,2.66608339034074e-06,0.00242611003026634,9.65023608196939e-08,8.78072446184205e-05,-2.88634911636712e-06,0.00136359883351657
19038.810881806,-4.1555619494304e-06,0.000155072017987106,2.62951264569214e-06,0.00240939885562279,9.5178509232436e-08,8.72024306523541e-05,-2.8467291322293e-06,0.00135420737603935
19170.8478609426,-4.09853040576306e-06,0.000154004830144891,2.59344317110086e-06,0.00239280281057358,9.38728069260715e-08,8.66017833346864e-05,-2.80765297333816e-06,0.00134488059763285
19303.8005361258,-4.04228139232388e-06,0.00015294497494462,2.55786810587241e-06,0.0023763211014936,9.25850054045112e-08,8.6005273946318e-05,-2.76911317582514e-06,0.00133561805289927
19437.6752578439,-3.98680417689115e-06,0.000151892402242282,2.52278068293518e-06,0.00235995294023769,9.13148595652728e-08,8.54128739663949e-05,-2.73110237824244e-06,0.00132641929950695
19572.4784206263,-3.93208817430015e-06,0.000150847062231873,2.48817422757054e-06,0.00234369754410272,9.00621276533777e-08,8.48245550709357e-05,-2.69361332015823e-06,0.00131728389816929
19708.2164633496,-3.87812294443155e-06,0.000149808905443218,2.4540421561597e-06,0.00232755413578975,8.88265712158617e-08,8.4240289131465e-05,-2.65663884077087e-06,0.00130821141262382
19844.8958695448,-3.82489819022759e-06,0.000148777882739806,2.42037797494756e-06,0.00231152194336658,8.76079550569032e-08,8.36600482136595e-05,-2.62017187754231e-06,0.00129920140961141
19982.5231677076,-3.77240375573499e-06,0.000147753945316636,2.38717527882301e-06,0.00229560020023048,8.64060471935493e-08,8.30838045760011e-05,-2.5842054648501e-06,0.00129025345885556
20121.1049316092,-3.72062962417483e-06,0.000146737044698079,2.35442775011571e-06,0.00227978814507127,8.52206188120432e-08,8.25115306684415e-05,-2.54873273265798e-06,0.00128136713304196
20260.6477806113,-3.66956591603842e-06,0.000145727132735741,2.3221291574089e-06,0.00226408502183456,8.40514442247345e-08,8.19431991310742e-05,-2.51374690520459e-06,0.00127254200779805
20401.1583799816,-3.61920288720946e-06,0.000144724161606353,2.29027335436826e-06,0.00224849007968534,8.28983008275741e-08,8.13787827928181e-05,-2.47924129971024e-06,0.00126377766167284
20542.6434412127,-3.56953092711156e-06,0.000143728083809658,2.25885427858639e-06,0.00223300257297171,8.17609690581771e-08,8.08182546701076e-05,-2.44520932510137e-06,0.00125507367611677
20685.1097223421,-3.52054055688113e-06,0.000142738852166324,2.22786595044291e-06,0.00221762176118906,8.06392323544552e-08,8.0261587965595e-05,-2.41164448075251e-06,0.00124642963546177
20828.5640282755,-3.47222242756515e-06,0.000141756419815852,2.19730247197978e-06,0.00220234690894426,7.95328771138019e-08,7.97087560668584e-05,-2.37854035524546e-06,0.00123784512690145
20973.0132111114,-3.4245673183436e-06,0.000140780740214514,2.16715802579187e-06,0.0021871772859203,7.84416926528322e-08,7.91597325451228e-05,-2.34589062514553e-06,0.0012293197404714
21118.464170469,-3.37756613477596e-06,0.00013981176713329,2.13742687393225e-06,0.00217211216684105,7.73654711676607e-08,7.86144911539857e-05,-2.31368905379448e-06,0.00122085306902964
21264.923853817,-3.33120990707188e-06,0.000138849454655819,2.10810335683244e-06,0.00215715083143636,7.63040076947205e-08,7.8073005828156e-05,-2.28192949012015e-06,0.00121244470823721
21412.3992568061,-3.28548978838517e-06,0.000137893757176366,2.07918189223695e-06,0.00214229256440733,7.52571000721044e-08,7.75352506821979e-05,-2.25060586746218e-06,0.00120409425653889
21560.8974236026,-3.24039705313132e-06,0.000136944629397797,2.0506569741524e-06,0.00212753665539188,7.42245489014343e-08,7.70012000092865e-05,-2.21971220241412e-06,0.00119580131514405
21710.4254472254,-3.19592309532777e-06,0.000136002026329564,2.02252317181048e-06,0.00211288239893051,7.32061575102384e-08,7.64708282799702e-05,-2.18924259368114e-06,0.00118756548800761
21860.9904698845,-3.15205942695698e-06,0.00013506590328571,1.99477512864525e-06,0.00209832909443238,7.22017319148432e-08,7.5944110140943e-05,-2.15919122095361e-06,0.00117938638181119
22012.599683322,-3.10879767635171e-06,0.000134136215882869,1.96740756128386e-06,0.00208387604614148,7.12110807837595e-08,7.54210204138244e-05,-2.12955234379596e-06,0.00117126360594433
22165.260329156,-3.0661295866025e-06,0.000133212920038301,1.94041525855109e-06,0.00206952256310326,7.02340154015698e-08,7.49015340939488e-05,-2.10032030055093e-06,0.00116319677248585
22318.9796992262,-3.02404701398668e-06,0.000132295971967913,1.91379308048721e-06,0.00205526795913125,6.92703496332964e-08,7.43856263491622e-05,-2.07148950725874e-06,0.00115518549618536
22473.7651359423,-2.98254192641904e-06,0.000131385328184313,1.88753595737914e-06,0.00204111155277412,6.83198998892585e-08,7.38732725186291e-05,-2.04305445659109e-06,0.00114722939444489
22629.6240326348,-2.94160640192346e-06,0.00013048094549486,1.86163888880456e-06,0.00202705266728279,6.73824850903963e-08,7.33644481116453e-05,-2.01500971679982e-06,0.00113932808730064
22786.5638339077,-2.90123262712556e-06,0.000129582780999736,1.83609694268908e-06,0.00201309063057797,6.6457926634071e-08,7.28591288064615e-05,-1.98734993067997e-06,0.00113148119740485
22944.592035995,-2.8614128957658e-06,0.000128690792090022,1.81090525437594e-06,0.00199922477521773,6.55460483603213e-08,7.2357290449113e-05,-1.96006981454701e-06,0.0011236883500078
23103.7161871177,-2.82213960723303e-06,0.000127804936445788,1.78605902570843e-06,0.00198545443836543,6.46466765185814e-08,7.18589090522594e-05,-1.9331641572282e-06,0.00111594917293994
23263.9438878451,-2.78340526511788e-06,0.000126925172034197,1.76155352412455e-06,0.0019717789617578,6.37596397348439e-08,7.13639607940306e-05,-1.90662781906765e-06,0.00110826329659413
23425.2827914574,-2.7452024757861e-06,0.000126051457107614,1.73738408176403e-06,0.00195819769167332,6.28847689792721e-08,7.08724220168831e-05,-1.88045573094516e-06,0.00110063035390803
23587.7406043117,-2.7075239469712e-06,0.000125183750201733,1.71354609458726e-06,0.00194470997890074,6.20218975342455e-08,7.03842692264613e-05,-1.85464289330837e-06,0.00109304998034656
23751.3250862094,-2.67036248638653e-06,0.000124322010133709,1.69003502150628e-06,0.00193131517870784,6.11708609628429e-08,6.989947909047e-05,-1.82918437521834e-06,0.00108552181388454
23916.0440507678,-2.63371100035602e-06,0.000123466196000306,1.66684638352732e-06,0.00191801265081049,6.03314970777472e-08,6.94180284375522e-05,-1.80407531340806e-06,0.00107804549498939
24081.9053657923,-2.59756249246397e-06,0.000122616267176053,1.64397576290513e-06,0.00190480175934177,5.95036459105752e-08,6.89398942561762e-05,-1.77931091135403e-06,0.00107062066660401
24248.9169536531,-2.56191006222299e-06,0.000121772183311411,1.62141880230855e-06,0.00189168187282147,5.86871496816194e-08,6.84650536935298e-05,-1.75488643836041e-06,0.00106324697412972
24417.0867916629,-2.52674690376032e-06,0.000120933904330955,1.59917120399754e-06,0.0018786523641257,5.78818527700034e-08,6.79934840544226e-05,-1.73079722865588e-06,0.00105592406540937
24586.4229124585,-2.492066304522e-06,0.000120101390431558,1.57722872901113e-06,0.00186571261045673,5.70876016842366e-08,6.75251628001953e-05,-1.70703868050277e-06,0.0010486515907105
24756.933404384,-2.45786164399484e-06,0.0001192746020806,1.55558719636657e-06,0.00185286199331309,5.63042450331739e-08,6.70600675476382e-05,-1.68360625531847e-06,0.00104142920270869
24928.6264118777,-2.42412639244575e-06,0.000118453500014171,1.53424248226913e-06,0.00184009989845977,5.55316334973625e-08,6.65981760679144e-05,-1.66049547680889e-06,0.00103425655647098
25101.5101358603,-2.39085410967837e-06,0.0001176380452353,1.51319051933273e-06,0.00182742571589881,5.47696198007833e-08,6.6139466285494e-05,-1.63770193011378e-06,0.00102713330943943
25275.5928341276,-2.35803844380665e-06,0.000116828199012183,1.49242729581097e-06,0.00181483883983985,5.40180586829699e-08,6.56839162770927e-05,-1.61522126096377e-06,0.00102005912141472
25450.882821744,-2.32567313004526e-06,0.000116023922876431,1.47194885483875e-06,0.00180233866867113,5.327680687151e-08,6.52315042706197e-05,-1.593049174849e-06,0.00101303365453998
25627.3884714405,-2.2937519895164e-06,0.000115225178621319,1.45175129368396e-06,0.00178992460493053,5.25457230549162e-08,6.47822086441318e-05,-1.57118143619912e-06,0.00100605657328466
25805.1182140139,-2.26226892807312e-06,0.00011443192830006,1.43183076300949e-06,0.00177759605527689,5.18246678558683e-08,6.43360079247961e-05,-1.54961386757457e-06,0.000999127544428473
25984.08053873,-2.2312179351385e-06,0.000113644134224069,1.41218346614505e-06,0.00176535243046147,5.11135038048148e-08,6.38928807878581e-05,-1.52834234886892e-06,0.000992246237045565
26164.2839937291,-2.20059308256085e-06,0.000112861758961259,1.392805658369e-06,0.00175319314529966,5.04120953139355e-08,6.34528060556186e-05,-1.50736281652217e-06,0.000985412322488672
26345.7371864336,-2.17038852348455e-06,0.000112084765334333,1.37369364619986e-06,0.0017411176186429,4.97203086514565e-08,6.30157626964171e-05,-1.48667126274483e-06,0.000978625474373471
26528.4487839603,-2.14059849123626e-06,0.00011131311641909,1.35484378669737e-06,0.00172912527335071,4.9038011916313e-08,6.25817298236219e-05,-1.46626373475267e-06,0.00097188536856298
26712.4275135331,-2.11121729822641e-06,0.000110546775542748,1.33625248677312e-06,0.00171721553626303,4.83650750131578e-08,6.21506866946282e-05,-1.44613633401192e-06,0.000965191683152119
26897.6821629011,-2.08223933486568e-06,0.000109785706282264,1.3179162025104e-06,0.00170538783817265,4.77013696277068e-08,6.1722612709862e-05,-1.42628521549484e-06,0.000958544098452326
27084.2215807571,-2.05365906849634e-06,0.000109029872462678,1.29983143849342e-06,0.0016936416137979,4.70467692024215e-08,6.12974874117922e-05,-1.40670658694556e-06,0.000951942296976319
27272.0546771616,-2.02547104233816e-06,0.000108279238155459,1.28199474714548e-06,0.00168197630175549,4.64011489125201e-08,6.08752904839479e-05,-1.38739670815586e-06,0.000945385963422935
27461.1904239671,-1.99766987444877e-06,0.000107533767676866,1.26440272807623e-06,0.0016703913445336,4.57643856423163e-08,6.04560017499449e-05,-1.36835189025106e-06,0.000938874784662093
27651.6378552475,-1.97025025669816e-06,0.000106793425586311,1.24705202743767e-06,0.00165888618846503,4.51363579618763e-08,6.00396011725163e-05,-1.34956849498551e-06,0.000932408449719842
27843.4060677294,-1.94320695375739e-06,0.000106058176684744,1.22993933728904e-06,0.00164746028370073,4.45169461039973e-08,5.9626068852552e-05,-1.33104293404792e-06,0.000925986649763534
28036.5042212264,-1.91653480210087e-06,0.000105327986013039,1.21306139497017e-06,0.00163611308418328,4.39060319414945e-08,5.92153850281438e-05,-1.31277166837609e-06,0.000919609078087071
28230.9415390768,-1.89022870902254e-06,0.000104602818850394,1.19641498248344e-06,0.00162484404762081,4.33034989648009e-08,5.88075300736373e-05,-1.29475120748113e-06,0.000913275430096286
28426.7273085842,-1.8642836516653e-06,0.000103882640712738,1.17999692588404e-06,0.00161365263546086,4.27092322598671e-08,5.84024844986904e-05,-1.27697810878088e-06,0.000906985403294388
28623.8708814609,-1.83869467606392e-06,0.000103167417351151,1.16380409467864e-06,0.00160253831286462,4.21231184863662e-08,5.8000228947339e-05,-1.25944897694255e-06,0.000900738697267545
28822.3816742749,-1.81345689620081e-06,0.000102457114750293,1.14783340123208e-06,0.00159150054868118,4.15450458561915e-08,5.76007441970676e-05,-1.24216046323425e-06,0.000894535013670533
29022.2691688993,-1.78856549307495e-06,0.000101751699126844,1.13208180018219e-06,0.00158053881542212,4.09749041122481e-08,5.72040111578884e-05,-1.22510926488563e-06,0.000888374056212508
29223.5429129655,-1.76401571378338e-06,0.000101051136927948,1.11654628786256e-06,0.00156965258923616,4.04125845075326e-08,5.6810010871425e-05,-1.208292124457e-06,0.000882255530642855
29426.2125203191,-1.73980287061533e-06,0.000100355394829674,1.10122390173315e-06,0.001558841349884,3.98579797844981e-08,5.64187245100039e-05,-1.19170582921743e-06,0.000876179144737159
29630.2876714792,-1.71592234015873e-06,9.96644397354858e-05,1.08611171981859e-06,0.00154810458071343,3.93109841546981e-08,5.60301333757509e-05,-1.17534721053107e-06,0.000870144608283244
29835.7781141006,-1.69236956241898e-06,9.89782387747142e-05,1.07120686015416e-06,0.00153744176863447,3.87714932787096e-08,5.56442188996954e-05,-1.15921314325216e-06,0.000864151633067336
30042.6936634399,-1.66914003994973e-06,9.82967593010476e-05,1.05650648023929e-06,0.0015268524040948,3.82394042463277e-08,5.52609626408791e-05,-1.14330054512809e-06,0.000858199932860293
30251.0442028234,-1.64622933699556e-06,9.76199688910284e-05,1.04200777649848e-06,0.00151633598105531,3.77146155570305e-08,5.48803462854729e-05,-1.1276063762109e-06,0.000852289223403962
30460.8396841202,-1.62363307864645e-06,9.69478353425571e-05,1.02770798374954e-06,0.0015058919969658,3.71970271007093e-08,5.45023516458978e-05,-1.11212763827663e-06,0.00084641922239759
30672.0901282168,-1.60134695000375e-06,9.62803266734102e-05,1.01360437467907e-06,0.00149551995274093,3.66865401386621e-08,5.4126960659954e-05,-1.09686137425279e-06,0.000840589649484376
30884.8056254963,-1.57936669535759e-06,9.56174111197625e-05,9.9969425932508e-07,0.00148521935273623,3.61830572848446e-08,5.37541553899541e-05,-1.08180466765359e-06,0.000834800226238064
31098.9963363199,-1.5576881173756e-06,9.49590571347241e-05,9.85974984566624e-07,0.00147498970472434,3.56864824873777e-08,5.33839180218641e-05,-1.066954642023e-06,0.000829050676149678
31314.6724915125,-1.53630707630261e-06,9.43052333868811e-05,9.72443933620385e-07,0.00146483051987143,3.51967210103053e-08,5.30162308644487e-05,-1.05230846038535e-06,0.000823340724614305
31531.8443928511,-1.51521948917149e-06,9.36559087588511e-05,9.59098525544125e-07,0.00145474131271375,3.47136794156025e-08,5.26510763484241e-05,-1.03786332470359e-06,0.000817670098918002
31750.5224135575,-1.49442132902459e-06,9.30110523458428e-05,9.45936214746853e-07,0.00144472160113433,3.42372655454265e-08,5.22884370256151e-05,-1.02361647534486e-06,0.000812038528224768
31970.7169987928,-1.47390862414598e-06,9.23706334542293e-05,9.32954490505698e-07,0.00143477090633988,3.37673885046119e-08,5.19282955681201e-05,-1.00956519055349e-06,0.000806445743563628
32192.4386661572,-1.45367745730416e-06,9.17346216001265e-05,9.20150876489309e-07,0.00142488875283784,3.33039586434015e-08,5.15706347674791e-05,-9.95706785931147e-07,0.000800891477815783
32415.6980061919,-1.43372396500511e-06,9.11029865079843e-05,9.07522930287805e-07,0.00141507466841357,3.28468875404155e-08,5.12154375338503e-05,-9.8203861392422e-07,0.000795375465701874
32640.5056828852,-1.41404433675561e-06,9.04756981091829e-05,8.95068242949048e-07,0.00140532818410771,3.23960879858498e-08,5.08626868951905e-05,-9.68558063318105e-07,0.000789897443769302
32866.8724341813,-1.39463481433662e-06,8.98527265406424e-05,8.82784438521296e-07,0.00139564883419372,3.19514739649055e-08,5.05123659964424e-05,-9.55262558738551e-07,0.000784457150379673
33094.8090724944,-1.3754916910866e-06,8.92340421434371e-05,8.70669173602028e-07,0.00138603615615554,3.15129606414431e-08,5.0164458098726e-05,-9.4214956015976e-07,0.000779054325696287
33324.3264852235,-1.35661131119468e-06,8.86196154614223e-05,8.58720136892958e-07,0.00137648969066541,3.10804643418597e-08,4.98189465785378e-05,-9.29216562419299e-07,0.000773688711671758
33555.4356352742,-1.33799006900346e-06,8.80094172398666e-05,8.46935048761059e-07,0.00136700898156186,3.06539025391858e-08,4.94758149269533e-05,-9.16461094739616e-07,0.000768360052035676
33788.1475615808,-1.31962440832142e-06,8.74034184240964e-05,8.3531166080563e-07,0.00135759357582788,3.02331938373999e-08,4.91350467488367e-05,-9.03880720256165e-07,0.00076306809228239
34022.4733796346,-1.30151082174466e-06,8.68015901581458e-05,8.23847755431176e-07,0.00134824302356914,2.98182579559549e-08,4.87966257620552e-05,-8.91473035551963e-07,0.000757812579658846
34258.4242820144,-1.28364584998803e-06,8.62039037834183e-05,8.12541145426194e-07,0.0013389568779925,2.94090157145178e-08,4.84605357966992e-05,-8.79235670198583e-07,0.000752593263152535
34496.0115389212,-1.26602608122531e-06,8.56103308373539e-05,8.01389673547621e-07,0.00132973469538454,2.90053890179158e-08,4.8126760794307e-05,-8.67166286303384e-07,0.000747409893479496
34735.2464987164,-1.24864815043855e-06,8.50208430521085e-05,7.90391212111006e-07,0.00132057603509036,2.86073008412888e-08,4.7795284807097e-05,-8.55262578063022e-07,0.000742262223072433
34976.1405884643,-1.23150873877617e-06,8.44354123532378e-05,7.79543662586206e-07,0.00131148045949239,2.82146752154434e-08,4.74660919972019e-05,-8.43522271323016e-07,0.000737150006068878
35218.7053144771,-1.21460457292002e-06,8.38540108583936e-05,7.68844955198658e-07,0.00130244753398948,2.78274372124075e-08,4.71391666359119e-05,-8.31943123143427e-07,0.000732072998299476
35462.9522628655,-1.19793242446097e-06,8.32766108760251e-05,7.58293048536014e-07,0.00129347682697605,2.74455129311815e-08,4.681449310292e-05,-8.20522921370432e-07,0.000727030957276307
35708.8931000911,-1.18148910928315e-06,8.27031849040916e-05,7.47885929160207e-07,0.00128456790982142,2.70688294836841e-08,4.64920558855751e-05,-8.09259484213832e-07,0.000722023642181327
35956.5395735246,-1.16527148695651e-06,8.21337056287809e-05,7.37621611224739e-07,0.00127572035684927,2.66973149808895e-08,4.61718395781375e-05,-7.98150659830312e-07,0.000717050813854863
36205.9035120061,-1.14927646013787e-06,8.15681459232385e-05,7.2749813609725e-07,0.00126693374531725,2.63308985191547e-08,4.58538288810427e-05,-7.87194325912455e-07,0.0007121122347842
36456.9968264106,-1.13350097398e-06,8.10064788463026e-05,7.17513571987173e-07,0.00125820765539673,2.59695101667317e-08,4.55380086001678e-05,-7.76388389283369e-07,0.000707207669092239
36709.831510217,-1.11794201554888e-06,8.04486776412492e-05,7.07666013578507e-07,0.00124954167015267,2.56130809504654e-08,4.52243636461038e-05,-7.65730785496884e-07,0.000702336882526238
36964.4196400802,-1.10259661324899e-06,7.98947157345451e-05,6.979535816676e-07,0.00124093537552367,2.52615428426724e-08,4.49128790334339e-05,-7.55219478443258e-07,0.000697499642446634
37220.7733764093,-1.08746183625635e-06,7.93445667346075e-05,6.88374422805821e-07,0.00123238836030213,2.49148287481983e-08,4.46035398800147e-05,-7.44852459960245e-07,0.000692695717815925
37478.9049639467,-1.07253479395943e-06,7.87982044305741e-05,6.78926708947175e-07,0.00122390021611455,2.45728724916533e-08,4.4296331406265e-05,-7.34627749449553e-07,0.000687924879187654
37738.8267323548,-1.05781263540768e-06,7.82556027910786e-05,6.69608637100671e-07,0.00121547053740199,2.42356088048197e-08,4.39912389344566e-05,-7.2454339349852e-07,0.000683186898695442
38000.5510968034,-1.04329254876762e-06,7.77167359630369e-05,6.60418428987461e-07,0.0012070989214006,2.39029733142339e-08,4.36882478880131e-05,-7.14597465507018e-07,0.000678481550042124
38264.0905585636,-1.02897176078637e-06,7.71815782704385e-05,6.51354330702641e-07,0.00119878496812237,2.35749025289354e-08,4.33873437908106e-05,-7.04788065319442e-07,0.000673808608488929
38529.4577056047,-1.01484753626257e-06,7.66501042131485e-05,6.42414612381679e-07,0.00119052828033598,2.32513338283857e-08,4.30885122664858e-05,-6.95113318861789e-07,0.000669167850844765
38796.6652131954,-1.00091717752445e-06,7.61222884657145e-05,6.33597567871379e-07,0.00118232846354774,2.29322054505495e-08,4.27917390377469e-05,-6.85571377783669e-07,0.000664559055455553
39065.7258445091,-9.87178023915249e-07,7.55981058761848e-05,6.24901514405358e-07,0.00117418512598271,2.26174564801409e-08,4.24970099256906e-05,-6.76160419105279e-07,0.000659982002193654
39336.6524512341,-9.73627451285416e-07,7.50775314649303e-05,6.16324792283919e-07,0.00116609787856598,2.23070268370287e-08,4.22043108491229e-05,-6.66878644869173e-07,0.000655436472447349
39609.4579741865,-9.60262871492019e-07,7.45605404234787e-05,6.07865764558331e-07,0.00115806633490399,2.2000857264801e-08,4.19136278238857e-05,-6.57724281796858e-07,0.000650922249110413
39884.1554439296,-9.47081731904846e-07,7.40471081133511e-05,5.99522816719384e-07,0.00115009011126603,2.16988893194849e-08,4.16249469621866e-05,-6.48695580950054e-07,0.000646439116571739
40160.7579813948,-9.34081514919368e-07,7.35372100649119e-05,5.91294356390223e-07,0.0011421688265659,2.14010653584217e-08,4.13382544719346e-05,-6.39790817396649e-07,0.000641986860705056
40439.2787985098,-9.21259737476315e-07,7.30308219762211e-05,5.83178813023349e-07,0.00113430210234365,2.11073285292927e-08,4.10535366560799e-05,-6.31008289881194e-07,0.000637565268858692
40719.7311988284,-9.08613950587888e-07,7.25279197118979e-05,5.75174637601785e-07,0.00112648956274745,2.08176227592961e-08,4.07707799119583e-05,-6.22346320499964e-07,0.000633174129845435
41002.1285781671,-8.96141738870417e-07,7.20284793019896e-05,5.67280302344296e-07,0.00111873083451559,2.05318927444706e-08,4.04899707306397e-05,-6.13803254380432e-07,0.000628813233932437
41286.4844252437,-8.83840720083467e-07,7.15324769408489e-05,5.59494300414654e-07,0.00111102554695864,2.02500839391664e-08,4.02110956962824e-05,-6.05377459365187e-07,0.000624482372831212
41572.812322323,-8.71708544675215e-07,7.10398889860183e-05,5.51815145634854e-07,0.00110337333194167,1.9972142545658e-08,3.993414148549e-05,-5.97067325700145e-07,0.000620181339687682
41861.1259458642,-8.59742895334109e-07,7.05506919571223e-05,5.44241372202275e-07,0.00109577382386664,1.96980155039014e-08,3.96590948666746e-05,-5.88871265727085e-07,0.00061590992907231
42151.4390671752,-8.47941486546617e-07,7.00648625347656e-05,5.36771534410662e-07,0.00108822665965493,1.94276504814289e-08,3.93859426994231e-05,-5.80787713580355e-07,0.000611667936970281
42443.7655530697,-8.36302064161092e-07,6.95823775594408e-05,5.29404206374967e-07,0.00108073147872989,1.91609958633838e-08,3.91146719338686e-05,-5.72815124887789e-07,0.00060745516077177
42738.1193665299,-8.24822404957561e-07,6.91032140304406e-05,5.22137981759905e-07,0.00107328792299964,1.88980007426905e-08,3.88452696100654e-05,-5.64951976475683e-07,0.000603271399262264
43034.5145673733,-8.13500316223462e-07,6.86273491047801e-05,5.14971473512253e-07,0.00106589563683992,1.8638614910359e-08,3.85777228573695e-05,-5.57196766077863e-07,0.000599116452612956
43332.9653129246,-8.02333635335151e-07,6.8154760096123e-05,5.07903313596777e-07,0.00105855426707704,1.83827888459219e-08,3.83120188938223e-05,-5.49548012048702e-07,0.000594990122371203
43633.4858586911,-7.91320229345181e-07,6.76854244737183e-05,5.00932152735791e-07,0.001051263462971,1.81304737080024e-08,3.80481450255389e-05,-5.42004253080115e-07,0.000590892211451054
43936.0905590448,-7.80457994575212e-07,6.72193198613412e-05,4.94056660152256e-07,0.0010440228761987,1.78816213250113e-08,3.77860886461008e-05,-5.34564047922407e-07,0.000586822524123831
44240.7938679069,-7.69744856214523e-07,6.6756424036243e-05,4.87275523316405e-07,0.00103683216083726,1.76361841859707e-08,3.75258372359531e-05,-5.27225975108977e-07,0.000582780866008797
44547.6103394389,-7.59178767924004e-07,6.62967149281062e-05,4.8058744769581e-07,0.00102969097334746,1.73941154314632e-08,3.72673783618045e-05,-5.19988632684773e-07,0.00057876704406386
44856.5546287376,-7.48757711445605e-07,6.58401706180084e-05,4.73991156508896e-07,0.00102259897255734,1.71553688447061e-08,3.70106996760334e-05,-5.12850637938505e-07,0.00057478086657637
45167.641492535,-7.38479696217103e-07,6.53867693373917e-05,4.67485390481779e-07,0.00101555581964582,1.69198988427452e-08,3.67557889160963e-05,-5.05810627138498e-07,0.000570822143153951
45480.8857899031,-7.28342758992193e-07,6.49364894670393e-05,4.6106890760848e-07,0.00100856117812649,1.66876604677721e-08,3.6502633903942e-05,-4.98867255272207e-07,0.000566890684715425
45796.3024829641,-7.18344963465742e-07,6.44893095360591e-05,4.54740482914366e-07,0.00100161471383156,1.64586093785571e-08,3.62512225454279e-05,-4.92019195789271e-07,0.000562986303481768
46113.9066376045,-7.08484399904223e-07,6.40452082208741e-05,4.48498908222865e-07,0.000994716094895814,1.6232701842002e-08,3.60015428297424e-05,-4.85265140348125e-07,0.000559108812967159
46433.713424195,-6.98759184781176e-07,6.36041643442189e-05,4.42342991925339e-07,0.000987864991740743,1.60098947248064e-08,3.57535828288294e-05,-4.78603798566062e-07,0.000555258027970062
46755.7381183149,-6.89167460417703e-07,6.31661568741439e-05,4.36271558754128e-07,0.000981061077058795,1.57901454852495e-08,3.55073306968183e-05,-4.7203389777275e-07,0.000551433764564395
47079.9961014825,-6.79707394627858e-07,6.27311649230249e-05,4.30283449558676e-07,0.000974304025797686,1.5573412165083e-08,3.5262774669457e-05,-4.65554182767106e-07,0.000547635840090736
47406.5028618884,-6.70377180368933e-07,6.22991677465806e-05,4.24377521084739e-07,0.000967593515144872,1.5359653381536e-08,3.50199030635492e-05,-4.59163415577534e-07,0.000543864073147612
47735.2739951367,-6.61175035396502e-07,6.18701447428952e-05,4.18552645756582e-07,0.000960929224512078,1.51488283194283e-08,3.47787042763954e-05,-4.52860375225427e-07,0.000540118283582829
48066.3252049891,-6.52099201924234e-07,6.14440754514495e-05,4.12807711462195e-07,0.000954310835519984,1.49408967233927e-08,3.45391667852381e-05,-4.46643857491939e-07,0.000536398292484874
48399.6723041153,-6.43147946288326e-07,6.10209395521554e-05,4.071416213414e-07,0.000947738031982968,1.47358188902026e-08,3.43012791467103e-05,-4.40512674687935e-07,0.000532703922174369
48735.331214848,-6.34319558616587e-07,6.06007168644009e-05,4.01553293576902e-07,0.000941210499894002,1.45335556612055e-08,3.40650299962883e-05,-4.34465655427119e-07,0.000529034996195592
49073.317969944,-6.25612352502006e-07,6.01833873460973e-05,3.96041661188152e-07,0.000934727927409606,1.43340684148589e-08,3.38304080477481e-05,-4.28501644402257e-07,0.000525391339308044
49413.6487133493,-6.17024664680849e-07,5.97689310927361e-05,3.90605671828072e-07,0.000928290004834951,1.41373190593699e-08,3.35974020926255e-05,-4.22619502164489e-07,0.000521772777478087
49756.3397009709,-6.08554854715119e-07,5.93573283364499e-05,3.85244287582523e-07,0.000921896424609023,1.39432700254341e-08,3.33660009996798e-05,-4.16818104905652e-07,0.00051817913787063
50101.4073014524,-6.00201304679417e-07,5.89485594450813e-05,3.79956484772548e-07,0.000915546881289925,1.37518842590744e-08,3.3136193714362e-05,-4.11096344243608e-07,0.000514610248840881
50448.8679969571,-5.91962418852052e-07,5.85426049212565e-05,3.74741253759289e-07,0.000909241071540255,1.35631252145781e-08,3.29079692582851e-05,-4.054531270105e-07,0.000511065939926141
50798.7383839539,-5.83836623410435e-07,5.81394454014664e-05,3.69597598751608e-07,0.000902978694112601,1.33769568475301e-08,3.26813167287e-05,-3.99887375043934e-07,0.000507546041837678
51151.0351740109,-5.75822366130598e-07,5.7739061655153e-05,3.64524537616298e-07,0.000896759449835126,1.31933436079417e-08,3.24562252979732e-05,-3.94398024981007e-07,0.00050405038645263
51505.7751945938,-5.67918116090873e-07,5.73414345838017e-05,3.5952110169093e-07,0.000890583041597257,1.30122504334738e-08,3.22326842130696e-05,-3.88984028055173e-07,0.000500578806805982
51862.9753898685,-5.60122363379628e-07,5.69465452200415e-05,3.54586335599238e-07,0.000884449174335482,1.28336427427522e-08,3.20106827950379e-05,-3.83644349895905e-07,0.000497131137082599
52222.6528215118,-5.52433618806981e-07,5.65543747267483e-05,3.49719297069028e-07,0.000878357555019219,1.26574864287745e-08,3.17902104384997e-05,-3.7837797033108e-07,0.000493707212609297
52584.8246695256,-5.44850413620516e-07,5.61649043961572e-05,3.449190567526e-07,0.000872307892636817,1.24837478524082e-08,3.1571256611143e-05,-3.73183883192108e-07,0.000490306869846988
52949.5082330576,-5.3737129922485e-07,5.5778115648978e-05,3.40184698049595e-07,0.000866299898181623,1.23123938359762e-08,3.13538108532173e-05,-3.68061096121711e-07,0.000486929946382866
53316.7209312277,-5.29994846905082e-07,5.53939900335193e-05,3.355153169323e-07,0.000860333284638169,1.21433916569315e-08,3.11378627770349e-05,-3.63008630384354e-07,0.000483576280922654
53686.4803039601,-5.2271964755401e-07,5.50125092248161e-05,3.30910021773316e-07,0.000854407766968434,1.19767090416177e-08,3.09234020664728e-05,-3.58025520679269e-07,0.000480245713282898
54058.8040128205,-5.15544311403109e-07,5.46336550237652e-05,3.26367933175603e-07,0.000848523062098221,1.18123141591155e-08,3.071041847648e-05,-3.53110814956057e-07,0.000476938084383325
54433.709841861,-5.08467467757173e-07,5.42574093562644e-05,3.21888183804836e-07,0.000842678888903605,1.16501756151726e-08,3.04989018325877e-05,-3.48263574232801e-07,0.000473653236239237
54811.215698468,-5.01487764732632e-07,5.388375427236e-05,3.17469918224073e-07,0.000836874968197507,1.14902624462179e-08,3.02888420304223e-05,-3.43482872416703e-07,0.000470391011953976
55191.3396142186,-4.94603868999415e-07,5.35126719453973e-05,3.13112292730665e-07,0.000831111022716318,1.13325441134564e-08,3.00802290352225e-05,-3.38767796127152e-07,0.000467151255711422
55574.0997457415,-4.87814465526397e-07,5.31441446711792e-05,3.08814475195419e-07,0.000825386777106659,1.11769904970457e-08,2.98730528813596e-05,-3.3411744452125e-07,0.000463933812768562
55959.5143755845,-4.81118257330297e-07,5.27781548671283e-05,3.04575644903943e-07,0.000819701957912199,1.10235718903523e-08,2.96673036718605e-05,-3.29530929121703e-07,0.000460738529448092
56347.6019130871,-4.74513965228054e-07,5.24146850714571e-05,3.00394992400183e-07,0.000814056293560587,1.08722589942862e-08,2.94629715779349e-05,-3.25007373647105e-07,0.000457565253131086
56738.380895261,-4.68000327592572e-07,5.2053717942341e-05,2.96271719332078e-07,0.000808449514350452,1.07230229117131e-08,2.9260046838505e-05,-3.20545913844521e-07,0.000454413832249699
57131.8699876742,-4.61576100111837e-07,5.16952362570993e-05,2.92205038299354e-07,0.000802881352438521,1.05758351419433e-08,2.90585197597392e-05,-3.16145697324398e-07,0.000451284116279938
57528.0879853436,-4.55240055551319e-07,5.13392229113801e-05,2.88194172703381e-07,0.000797351541826795,1.04306675752962e-08,2.88583807145879e-05,-3.11805883397711e-07,0.000448175955734467
57927.053813632,-4.48990983519651e-07,5.09856609183517e-05,2.84238356599094e-07,0.000791859818349841,1.02874924877388e-08,2.86596201423241e-05,-3.07525642915371e-07,0.000445089202155474
58328.7865291527,-4.428276902375e-07,5.06345334078985e-05,2.80336834548942e-07,0.00078640591966215,1.01462825355978e-08,2.84622285480852e-05,-3.03304158109819e-07,0.000442023708107574
58733.3053206791,-4.36748998309638e-07,5.02858236258236e-05,2.76488861478837e-07,0.0007809895852256,1.00070107503446e-08,2.82661965024201e-05,-2.99140622438806e-07,0.000438979327170776
59140.6295100621,-4.30753746500104e-07,4.99395149330552e-05,2.72693702536064e-07,0.00077561055629699,9.86965053345088e-09,2.80715146408375e-05,-2.95034240431305e-07,0.000435955913933485
59550.7785531519,-4.24840789510483e-07,4.95955908048597e-05,2.68950632949162e-07,0.000770268575915675,9.73417565131542e-09,2.78781736633586e-05,-2.90984227535554e-07,0.000432953323985564
59963.7720407286,-4.190089977612e-07,4.92540348300594e-05,2.65258937889691e-07,0.000764963388891268,9.60056023025975e-09,2.76861643340725e-05,-2.86989809969166e-07,0.000429971413911428
60379.6296994364,-4.13257257175837e-07,4.89148307102557e-05,2.61617912335922e-07,0.000759694741791455,9.46877875159307e-09,2.74954774806945e-05,-2.83050224571316e-07,0.000427010041283208
60798.3713927276,-4.07584468968381e-07,4.85779622590574e-05,2.58026860938369e-07,0.000754462382929854,9.33880604674393e-09,2.73061039941272e-05,-2.79164718656933e-07,0.000424069064653934
61220.0171218097,-4.01989549433425e-07,4.82434134013146e-05,2.54485097887183e-07,0.000749266062354005,9.21061729245948e-09,2.71180348280258e-05,-2.75332549872922e-07,0.000421148343550795
61644.5870266023,-3.96471429739211e-07,4.79111681723569e-05,2.50991946781346e-07,0.000744105531833397,9.08418800606959e-09,2.69312609983651e-05,-2.71552986056331e-07,0.000418247738468422
62072.1013866976,-3.91029055723541e-07,4.7581210717238e-05,2.47546740499666e-07,0.000738980544847616,8.95949404081681e-09,2.67457735830099e-05,-2.67825305094488e-07,0.000415367110862227
62502.5806223305,-3.85661387692466e-07,4.72535252899842e-05,2.44148821073535e-07,0.000733890856574544,8.83651158124927e-09,2.65615637212888e-05,-2.64148794787039e-07,0.000412506323141786
62936.0452953524,-3.80367400221756e-07,4.6928096252849e-05,2.40797539561431e-07,0.000728836223878669,8.71521713867771e-09,2.63786226135705e-05,-2.60522752709896e-07,0.000409665238664274
63372.5161102152,-3.75146081961071e-07,4.66049080755716e-05,2.37492255925136e-07,0.000723816405299443,8.59558754669388e-09,2.61969415208427e-05,-2.56946486081035e-07,0.00040684372172793
63812.0139149584,-3.69996435440845e-07,4.62839453346417e-05,2.34232338907657e-07,0.000718831161039755,8.47759995675106e-09,2.60165117642951e-05,-2.53419311628158e-07,0.000404041637565586
64254.5597022062,-3.64917476881788e-07,4.59651927125682e-05,2.31017165912806e-07,0.000713880252954447,8.36123183380448e-09,2.58373247249038e-05,-2.49940555458145e-07,0.000401258852338222
64700.1746101695,-3.59908236007036e-07,4.56486349971536e-05,2.27846122886449e-07,0.000708963444538951,8.24646095201212e-09,2.56593718430197e-05,-2.46509552928325e-07,0.000398495233128583
65148.8799236562,-3.54967755856844e-07,4.53342570807724e-05,2.24718604199354e-07,0.000704080500917957,8.13326539049378e-09,2.54826446179592e-05,-2.43125648519486e-07,0.000395750647934822
65600.697075087,-3.50095092605849e-07,4.50220439596561e-05,2.21634012531678e-07,0.000699231188834208,8.02162352914885e-09,2.53071346075978e-05,-2.39788195710659e-07,0.000393024965664206
66055.6476455202,-3.45289315382819e-07,4.47119807331806e-05,2.18591758759001e-07,0.000694415276637328,7.91151404453088e-09,2.51328334279665e-05,-2.36496556855588e-07,0.000390318056126846
66513.7533656814,-3.40549506092892e-07,4.44040526031606e-05,2.15591261839956e-07,0.000689632534272763,7.80291590577912e-09,2.4959732752851e-05,-2.33250103060925e-07,0.000387629790029489
66975.0361170023,-3.35874759242238e-07,4.40982448731475e-05,2.12631948705362e-07,0.000684882733270771,7.69580837060533e-09,2.4787824313394e-05,-2.30048214066075e-07,0.000384960038969332
67439.5179326655,-3.31264181765139e-07,4.3794542947733e-05,2.09713254148914e-07,0.00068016564673551,7.59017098133623e-09,2.46170998976996e-05,-2.26890278124702e-07,0.000382308675427902
67907.2209986571,-3.26716892853431e-07,4.3492932331856e-05,2.06834620719336e-07,0.000675481049334181,7.4859835610094e-09,2.44475513504409e-05,-2.23775691887857e-07,0.000379675572764956
68378.167654826,-3.22232023788299e-07,4.31933986301161e-05,2.03995498614036e-07,0.000670828717286265,7.38322620952342e-09,2.427917057247e-05,-2.20703860288714e-07,0.000377060605212439
68852.3803959518,-3.17808717774362e-07,4.28959275460899e-05,2.01195345574206e-07,0.000666208428352818,7.2818792998402e-09,2.41119495204313e-05,-2.17674196428881e-07,0.000374463647868474
69329.8818728181,-3.13446129776052e-07,4.26005048816534e-05,1.98433626781363e-07,0.000661619961825854,7.18192347423983e-09,2.39458802063765e-05,-2.14686121466281e-07,0.000371884576691401
69810.6948932956,-3.09143426356222e-07,4.2307116536308e-05,1.95709814755305e-07,0.000657063098517786,7.08333964062628e-09,2.3780954697383e-05,-2.1173906450456e-07,0.000369323268493848
70294.8424234306,-3.04899785516986e-07,4.20157485065116e-05,1.93023389253475e-07,0.000652537620750958,6.98610896888422e-09,2.36171651151751e-05,-2.08832462484029e-07,0.000366779600936853
70782.3475885425,-3.00714396542721e-07,4.1726386885014e-05,1.90373837171682e-07,0.000648043312347229,6.8902128872853e-09,2.34545036357467e-05,-2.05965760074082e-07,0.000364253452524017
71273.2336743282,-2.96586459845242e-07,4.14390178601971e-05,1.87760652446213e-07,0.000643579958617649,6.79563307894414e-09,2.32929624889879e-05,-2.03138409567113e-07,0.000361744702595705
71767.5241279742,-2.92515186811092e-07,4.1153627715419e-05,1.85183335957258e-07,0.000639147346352191,6.70235147832249e-09,2.31325339583133e-05,-2.00349870773873e-07,0.00035925323132328
72265.2425592773,-2.88499799650926e-07,4.08702028283634e-05,1.82641395433673e-07,0.000634745263809557,6.61035026778154e-09,2.29732103802933e-05,-1.97599610920268e-07,0.000356778919703383
72766.4127417709,-2.84539531250969e-07,4.05887296703925e-05,1.80134345359052e-07,0.000630373500707066,6.51961187418153e-09,2.28149841442881e-05,-1.94887104545576e-07,0.000354321649552251
73271.058613862,-2.80633625026502e-07,4.03091948059051e-05,1.7766170687907e-07,0.000626031848210591,6.43011896552773e-09,2.26578476920833e-05,-1.92211833402059e-07,0.000351881303500064
73779.2042799737,-2.76781334777369e-07,4.00315848916985e-05,1.75223007710115e-07,0.000621720098924589,6.34185444766268e-09,2.25017935175292e-05,-1.89573286355955e-07,0.000349457764985355
74290.8740116972,-2.72981924545453e-07,3.97558866763349e-05,1.72817782049154e-07,0.000617438046882173,6.25480146100347e-09,2.23468141661818e-05,-1.86970959289822e-07,0.000347050918249425
74806.0922489501,-2.69234668474127e-07,3.94820869995124e-05,1.70445570484852e-07,0.000613185487535284,6.16894337732409e-09,2.21929022349465e-05,-1.84404355006232e-07,0.00034466064833083
75324.8836011454,-2.65538850669608e-07,3.92101727914398e-05,1.68105919909891e-07,0.000608962217744896,6.08426379658154e-09,2.20400503717244e-05,-1.8187298313278e-07,0.000342286841059882
75847.2728483651,-2.6189376506424e-07,3.89401310722159e-05,1.65798383434508e-07,0.000604768035771326,6.00074654378575e-09,2.18882512750611e-05,-1.79376360028403e-07,0.0003399293830532
76373.2849425456,-2.58298715281629e-07,3.8671948951213e-05,1.63522520301206e-07,0.000600602741264571,5.91837566591216e-09,2.1737497693797e-05,-1.76914008690975e-07,0.000337588161708289
76902.9450086679,-2.54753014503648e-07,3.84056136264646e-05,1.61277895800639e-07,0.000596466135254749,5.83713542885683e-09,2.15877824267216e-05,-1.74485458666183e-07,0.000335263065198174
77436.2783459591,-2.51255985339253e-07,3.81411123840574e-05,1.59064081188647e-07,0.000592358020142579,5.75701031443314e-09,2.1439098322229e-05,-1.72090245957642e-07,0.000332953982466045
77973.3104290997,-2.47806959695108e-07,3.78784325975269e-05,1.56880653604436e-07,0.000588278199689942,5.67798501740981e-09,2.12914382779759e-05,-1.69727912938253e-07,0.000330660803219965
78514.0669094413,-2.44405278647974e-07,3.76175617272579e-05,1.54727195989865e-07,0.000584226479010495,5.6000444425893e-09,2.11447952405424e-05,-1.6739800826277e-07,0.000328383417927594
79058.5736162311,-2.41050292318868e-07,3.73584873198886e-05,1.52603297009857e-07,0.000580202664560365,5.52317370192659e-09,2.09991622050951e-05,-1.65100086781575e-07,0.000326121717810964
79606.8565578463,-2.37741359748926e-07,3.71011970077184e-05,1.50508550973885e-07,0.000576206564128891,5.44735811168712e-09,2.08545322150517e-05,-1.62833709455628e-07,0.000323875594841279
80158.9419230357,-2.34477848776986e-07,3.68456785081209e-05,1.48442557758547e-07,0.000572237986829445,5.372583189644e-09,2.07108983617493e-05,-1.60598443272592e-07,0.00032164494173376
80714.8560821713,-2.31259135918842e-07,3.65919196229596e-05,1.46404922731191e-07,0.000568296743090298,5.29883465231339e-09,2.05682537841135e-05,-1.58393861164106e-07,0.000319429651942516
81274.6255885071,-2.28084606248164e-07,3.63399082380083e-05,1.443952566746e-07,0.000564382644645574,5.22609841222799e-09,2.04265916683314e-05,-1.56219541924191e-07,0.000317229619655461
81838.2771794484,-2.24953653279037e-07,3.60896323223752e-05,1.42413175712694e-07,0.000560495504526237,5.15436057524774e-09,2.02859052475247e-05,-1.54075070128781e-07,0.000315044739789255
82405.8377778279,-2.21865678850127e-07,3.58410799279315e-05,1.40458301237266e-07,0.000556635137051169,5.08360743790759e-09,2.01461878014279e-05,-1.51960036056354e-07,0.000312874907984291
82977.3344931927,-2.18820093010427e-07,3.55942391887427e-05,1.38530259835709e-07,0.000552801357818286,5.01382548480142e-09,2.00074326560656e-05,-1.49874035609658e-07,0.000310720020599705
83552.7946230977,-2.15816313906576e-07,3.53490983205049e-05,1.36628683219745e-07,0.000548993983695729,4.94500138600203e-09,1.98696331834346e-05,-1.47816670238504e-07,0.000308579974708431
84132.2456544116,-2.12853767671719e-07,3.51056456199844e-05,1.34753208155123e-07,0.000545212832813113,4.87712199451632e-09,1.97327828011869e-05,-1.45787546863624e-07,0.000306454668092281
84715.7152646274,-2.099318883159e-07,3.48638694644614e-05,1.32903476392288e-07,0.000541457724552832,4.81017434377558e-09,1.95968749723148e-05,-1.43786277801575e-07,0.000304343999237065
85303.2313231867,-2.07050117617945e-07,3.46237583111769e-05,1.31079134597988e-07,0.00053772847954143,4.74414564515993e-09,1.94619032048389e-05,-1.41812480690668e-07,0.000302247867327745
85894.8218928089,-2.04207905018849e-07,3.43853006967845e-05,1.29279834287839e-07,0.000534024919641027,4.67902328555701e-09,1.93278610514979e-05,-1.39865778417921e-07,0.000300166172243616
86490.5152308334,-2.01404707516607e-07,3.41484852368045e-05,1.27505231759792e-07,0.000530346867940806,4.61479482495383e-09,1.91947421094401e-05,-1.37945799047006e-07,0.000298098814553525
87090.3397905676,-1.98639989562496e-07,3.39133006250833e-05,1.2575498802853e-07,0.000526694148748562,4.55144799406195e-09,1.90625400199178e-05,-1.36052175747197e-07,0.000296045695511127
87694.3242226474,-1.95913222958784e-07,3.36797356332545e-05,1.24028768760755e-07,0.000523066587582296,4.48897069197496e-09,1.89312484679832e-05,-1.34184546723279e-07,0.00029400671705016
88302.4973764047,-1.93223886757837e-07,3.34477791102062e-05,1.22326244211364e-07,0.000519464011161889,4.4273509838583e-09,1.88008611821869e-05,-1.32342555146433e-07,0.00029198178177977
88914.8883012464,-1.90571467162607e-07,3.32174199815493e-05,1.20647089160504e-07,0.000515886247400812,4.36657709867056e-09,1.8671371934278e-05,-1.30525849086056e-07,0.000289970792979853
89531.5262480405,-1.87955457428501e-07,3.29886472490918e-05,1.18990982851482e-07,0.000512333125397909,4.30663742691626e-09,1.85427745389065e-05,-1.28734081442533e-07,0.00028797365459644
90152.440670515,-1.85375357766577e-07,3.27614499903146e-05,1.17357608929539e-07,0.000508804475429222,4.24752051842917e-09,1.84150628533277e-05,-1.26966909880913e-07,0.000285990271237108
90777.661226663,-1.82830675248083e-07,3.25358173578525e-05,1.15746655381447e-07,0.00050530012893989,4.18921508018637e-09,1.82882307771089e-05,-1.25223996765513e-07,0.000284020548166423
91407.217780161,-1.80320923710297e-07,3.2311738578978e-05,1.14157814475951e-07,0.000501819918536084,4.13170997415189e-09,1.81622722518375e-05,-1.23505009095405e-07,0.000282064391301415
92041.1404017939,-1.77845623663667e-07,3.20892029550884e-05,1.12590782705015e-07,0.000498363677977016,4.07499421515032e-09,1.80371812608321e-05,-1.21809618440803e-07,0.000280121707207088
92679.4593708925,-1.75404302200218e-07,3.18681998611972e-05,1.11045260725882e-07,0.000494931242166991,4.01905696876925e-09,1.79129518288543e-05,-1.20137500880307e-07,0.000278192403091954
93322.2051767786,-1.72996492903221e-07,3.16487187454281e-05,1.09520953303925e-07,0.000491522447147518,3.96388754929077e-09,1.77895780218235e-05,-1.18488336939026e-07,0.000276276386803601
93969.4085202226,-1.70621735758098e-07,3.14307491285131e-05,1.08017569256276e-07,0.000488137130089474,3.90947541765105e-09,1.76670539465335e-05,-1.16861811527532e-07,0.000274373566824295
94621.1003149089,-1.68279577064551e-07,3.12142806032938e-05,1.06534821396243e-07,0.000484775129285328,3.85581017942817e-09,1.75453737503707e-05,-1.15257613881669e-07,0.000272483852266605
95277.3116889132,-1.659695693499e-07,3.09993028342258e-05,1.05072426478474e-07,0.000481436284141405,3.80288158285734e-09,1.74245316210345e-05,-1.13675437503175e-07,0.000270607152869066
95938.0739861886,-1.63691271283606e-07,3.07858055568871e-05,1.03630105144883e-07,0.000478120435170221,3.75067951687349e-09,1.73045217862596e-05,-1.12114980101128e-07,0.000268743378991865
96603.4187680637,-1.61444247592965e-07,3.05737785774894e-05,1.02207581871309e-07,0.000474827423982856,3.69919400918059e-09,1.71853385135401e-05,-1.10575943534191e-07,0.00026689244161256
97273.3778147489,-1.59228068979971e-07,3.03632117723929e-05,1.00804584914917e-07,0.000471557093281389,3.6484152243476e-09,1.70669761098556e-05,-1.09058033753648e-07,0.00026505425232183
97947.983126856,-1.570423120393e-07,3.01540950876243e-05,9.94208462623092e-08,0.000468309286851376,3.59833346193032e-09,1.69494289213994e-05,-1.07560960747232e-07,0.000263228723319252
98627.2669269249,-1.54886559177442e-07,2.99464185383984e-05,9.80561015783593e-08,0.000465083849554395,3.54893915461924e-09,1.68326913333078e-05,-1.06084438483709e-07,0.000261415767409106
99311.2616609643,-1.52760398532922e-07,2.97401722086426e-05,9.67100901557369e-08,0.000461880627320622,3.50022286641261e-09,1.67167577693926e-05,-1.04628184858237e-07,0.00025961529799621
100000,-1.50663423897634e-07,2.95353462505248e-05,9.53825548651335e-08,0.000458699467141477,3.45217529081468e-09,1.66016226918741e-05,-1.03191921638463e-07,0.000257827229081789
